5.510074540906795271e-03
2.490855660998310128e-01
8.824711392929607268e-02
3.427025476665468418e-02
1.812588786034463606e-02
9.322445850906690978e-03
5.078147253342213396e-03
2.550429548408894576e-03
8.901500947898766114e-04
4.799134788714409794e-04
1.087157977698649525e-03
2.102375718011639805e-03
3.203318764961271548e-03
4.307373951755733010e-03
5.420388329012926221e-03
6.529441801012891844e-03
7.599357756781555118e-03
8.560348817978846725e-03
9.372051473889086992e-03
1.003210804281151614e-02
1.056701886706179483e-02
1.099507955663725500e-02
1.133882954859644077e-02
1.160864264242233990e-02
1.181734462656658380e-02
1.197530930051216025e-02
1.213883810327132107e-02
1.236281786483595102e-02
1.269383637561138922e-02
1.315226400549174279e-02
1.370820535051209266e-02
1.432007090547260386e-02
1.495273121303319908e-02
1.558628743963996754e-02
1.622328588152976980e-02
1.686202900787803216e-02
1.749549092721680577e-02
1.810617764132704810e-02
1.870568894417601324e-02
1.933113474573244783e-02
2.003028167725218189e-02
2.082764962842220680e-02
2.171159165164127103e-02
2.262703230238138907e-02
2.350027045067926146e-02
2.428787759960848724e-02
2.495736489533373348e-02
2.552141666540441722e-02
2.598064590706294918e-02
2.633330793585064722e-02
2.657421585202623948e-02
2.671166869517582754e-02
2.675990686277174291e-02
2.677160096400710287e-02
2.681182301382079025e-02
2.693701591212682711e-02
2.715910952833089365e-02
2.744387032413908578e-02
2.773787323221388323e-02
2.800627171701941531e-02
2.823378800113496290e-02
2.842061069909695981e-02
2.856923895350782505e-02
2.867373140648199481e-02
2.872984423095814588e-02
2.874021803044113366e-02
2.873017430639623893e-02
2.873394659711736576e-02
2.878350506646565332e-02
2.887710502998264150e-02
2.898569984911592012e-02
2.907147230938667004e-02
2.911060982561797239e-02
2.909372882464111854e-02
2.902431867537313970e-02
2.891025403469416055e-02
2.875139344170229982e-02
2.854099392673359326e-02
2.827415151185064257e-02
2.795487425594456177e-02
2.760433414068741431e-02
2.724554213947782966e-02
2.689486056331868991e-02
2.655577878112691526e-02
2.621363201272419730e-02
2.584682389373227362e-02
2.543800188683442709e-02
2.498542130757175350e-02
2.449587227924254762e-02
2.397831399230920812e-02
2.343581143298267833e-02
2.287105235840181106e-02
2.229125127457043387e-02
2.170678198097186762e-02
2.113716608208748848e-02
2.058485556688616214e-02
2.005362272608890439e-02
1.952880277951740684e-02
1.900110646127117775e-02
1.845921689918683661e-02
1.789771142535290238e-02
1.732007940868618423e-02
1.673103621258820173e-02
1.613675896311472791e-02
1.554229309910526435e-02
1.495126945037872357e-02
1.436958222118689399e-02
1.380251261853926437e-02
1.325430446949715790e-02
1.272429762318416646e-02
1.221371807408488941e-02
1.171917076055017937e-02
1.123329971567399443e-02
1.074856035801419196e-02
1.025844548607679485e-02
9.766916005118919664e-03
9.274349144212878926e-03
8.788949635676779337e-03
8.317036066468608269e-03
7.876715432049596899e-03
7.469779570512202760e-03
7.092456191135299015e-03
6.734182879899908158e-03
6.381945233818298036e-03
6.023766229851013065e-03
5.652101286555799575e-03
5.266667482128561950e-03
4.866616051157124367e-03
4.458642809671453655e-03
4.049160651897310004e-03
3.655239193347648019e-03
3.302812932729937145e-03
3.003104434939452005e-03
2.774692231777620144e-03
2.615784485151761984e-03
2.504501908879630534e-03
2.415004311521751212e-03
2.319093819938111700e-03
2.192533466245594198e-03
2.037775239412953354e-03
1.840201512895989211e-03
1.597643219529931713e-03
1.320002622457905339e-03
1.011617856008895089e-03
6.870122394592170778e-04
3.628781592497354325e-04
4.770326950276349010e-05
-2.530426082359982232e-04
-5.611444528809128585e-04
-8.889565165434154537e-04
-1.264959594167947010e-03
-1.682269255188328927e-03
-2.134661219914901764e-03
-2.610818616184285013e-03
-3.110930058532579423e-03
-3.642917357474018125e-03
-4.208855272905376310e-03
-4.771398126687587116e-03
-5.319134739389608235e-03
-5.840559624312069431e-03
-6.307380601046741475e-03
-6.703471126761062493e-03
-7.029302737795117828e-03
-7.311187161928356382e-03
-7.568268774570618973e-03
-7.810355531596480105e-03
-8.059326719188297794e-03
-8.323104147860416191e-03
-8.583769436687593846e-03
-8.858863737522981729e-03
-9.142634307016783701e-03
-9.419048909604543773e-03
-9.676413444050790957e-03
-9.891528322420906072e-03
-1.005835787956099736e-02
-1.018444669691342952e-02
-1.030063325112295924e-02
-1.043002282285621085e-02
-1.056469360159906223e-02
-1.070926664348481605e-02
-1.087119222268750907e-02
-1.105452555173247475e-02
-1.124766683665212597e-02
-1.144448610502490915e-02
-1.164158829520178795e-02
-1.183454096558544943e-02
-1.201429061844538904e-02
-1.217055776156639180e-02
-1.230145624958822737e-02
-1.242075494364258681e-02
-1.254476900109835480e-02
-1.268481529411880082e-02
-1.284164828084810583e-02
-1.302139793370793441e-02
-1.322934545970788633e-02
-1.347482727838278382e-02
-1.376557658571064824e-02
-1.409480325839362891e-02
-1.445600009493785976e-02
-1.485237354245616537e-02
-1.528731866259769312e-02
-1.577469862376223997e-02
-1.634261699182215644e-02
-1.701483919832014191e-02
-1.778061421470100711e-02
-1.855365089072003038e-02
-1.920116459299492373e-02
-1.956519064757988868e-02
-1.963780724396091415e-02
-1.959923557133769201e-02
-1.966628803890513311e-02
-2.017743343161260139e-02
-2.202868510298672255e-02
-2.630127588095942937e-02
-3.339412550928588796e-02
-4.508926412460811939e-02
-6.181465810923369997e-02
-5.990295547905410967e-02
-5.011989672298355902e-02
-4.102113150371833328e-02
-3.507015427666537732e-02
-3.180108713777018981e-02
-3.106718797798246889e-02
-3.245784295231168848e-02
-3.481335558582732137e-02
-3.705683118492664185e-02
-3.862223752691029688e-02
-3.931124642711703032e-02
-3.919025020223809719e-02
-3.864845494742186194e-02
-3.800122416695106420e-02
-3.738256848869259130e-02
-3.679437405800689564e-02
-3.616430720031704737e-02
-3.539721188218380998e-02
-3.435134427976205274e-02
-3.278358025607763793e-02
-3.040930047622469878e-02
-2.726632215468183240e-02
-2.396839699177033545e-02
-2.104006201225749884e-02
-1.854761522556636066e-02
-1.634073084646159302e-02
-1.430548569516643109e-02
-1.238652140534879376e-02
-1.056478790886716812e-02
-8.834815384175964681e-03
-7.202450881893085466e-03
-5.687498928303891255e-03
-4.194049031825075602e-03
-2.612704761544848431e-03
-8.372761336645773156e-04
1.154681981606175967e-03
3.294042356803417171e-03
5.517619122348937921e-03
7.694608097489008536e-03
9.729947556052276347e-03
1.155092659438972102e-02
1.309294473390254510e-02
1.431799614557605071e-02
1.522353453317326633e-02
1.587133115725225530e-02
1.636064441741136299e-02
1.676791035438685018e-02
1.711543263706716278e-02
1.736138599208214561e-02
1.746375653152565377e-02
1.740160804189572197e-02
1.718446555726305114e-02
1.684665692318965124e-02
1.642439613059776260e-02
1.595875399471347045e-02
1.551923497207263747e-02
1.516091450720324918e-02
1.493495429301006094e-02
1.483729911696785031e-02
1.479089994109850092e-02
1.472389462716516828e-02
1.459620258625626832e-02
1.439778009432701733e-02
1.413654896189164845e-02
1.381845054683594753e-02
1.344565391632435158e-02
1.303843513298286183e-02
1.264800304335023107e-02
1.233829797514884863e-02
1.215355003708351589e-02
1.208112205523870220e-02
1.206169475802509883e-02
1.203189366132839666e-02
1.194682850556794129e-02
1.179961486017744310e-02
1.160119236824819211e-02
1.136910218163322828e-02
1.113097632986448371e-02
1.093274245247133347e-02
1.082928737944544029e-02
1.084475377140192709e-02
1.096310939277611585e-02
1.112927879904002104e-02
1.128554594216113482e-02
1.140173249637066455e-02
1.147312309826720167e-02
1.150547049120054233e-02
1.150547049120054233e-02
1.148698626666722067e-02
1.146727604764952169e-02
1.147284017646310605e-02
1.153838372774207421e-02
1.167569510998966997e-02
1.185525614831350882e-02
1.203726917560599130e-02
1.218589743001685655e-02
1.228209084340459167e-02
1.232509495762501572e-02
1.232490634308902600e-02
1.229397355917605239e-02
1.224474516526585788e-02
1.219523384955156775e-02
1.216335799295842346e-02
1.215156958445495761e-02
1.214949482455840446e-02
1.213167075090126890e-02
1.207999036802231974e-02
1.199492521226175334e-02
1.188741492671074873e-02
1.177226575244949558e-02
1.165758811452843879e-02
1.154074140944272298e-02
1.141682165925494985e-02
1.128441425494475236e-02
1.113823798950264177e-02
1.097508641581557143e-02
1.079363923213116916e-02
1.059814026551075816e-02
1.039245611394346014e-02
1.017969891727410481e-02
9.962509279007436547e-03
9.748526087853703892e-03
9.544822388914853128e-03
9.349983573170628226e-03
9.152221232117563332e-03
8.931825146738070487e-03
8.672102930591063519e-03
8.369753829295834002e-03
8.037132094963927997e-03
7.690458577695902243e-03
7.336334786253728701e-03
6.977118402338056136e-03
6.612243582340804338e-03
6.253310120229227387e-03
5.920594078629215495e-03
5.611549161304019151e-03
5.311746356245539147e-03
4.994119477529923579e-03
4.635563244490437107e-03
4.235323198983009796e-03
3.811883565540852281e-03
3.391556071943524486e-03
2.981885299633391107e-03
2.581928175929948388e-03
2.196117142430620284e-03
1.828130182588427743e-03
1.488058174082373952e-03
1.165338702893259359e-03
8.371494101585552627e-04
4.789704061911592703e-04
8.570909851779440203e-05
-3.260364336890031467e-04
-7.376876586278058312e-04
-1.137833396867238278e-03
-1.523267201294475903e-03
-1.886538797735259898e-03
-2.217274386706713507e-03
-2.502836794293084033e-03
-2.735209902712143482e-03
-2.930991791136650093e-03
-3.114890963789695988e-03
-3.318500355460440865e-03
-3.553891296456335169e-03
-3.812670439923060428e-03
-4.080031544780204911e-03
-4.347581264173339122e-03
-4.613622067278111416e-03
-4.869383378167890797e-03
-5.100624799370567786e-03
-5.294897771506712481e-03
-5.460312719626436717e-03
-5.624595980529778494e-03
-5.815756812820982447e-03
-6.040491032529793358e-03
-6.279654264246814499e-03
-6.508820925552938341e-03
-6.718560289645458816e-03
-6.915002328946151522e-03
-7.109369608350180059e-03
-7.288553417601928430e-03
-7.445197789795021670e-03
-7.573644288848102590e-03
-7.680871652595122612e-03
-7.791116848918866467e-03
-7.927390851218185652e-03
-8.095257788306664537e-03
-8.278213888279428723e-03
-8.456831853922985864e-03
-8.624698791011353727e-03
-8.789264973718902141e-03
-8.959112363435828286e-03
-9.136598641863113990e-03
-9.325684714257653773e-03
-9.542402816184125669e-03
-9.822401094956911827e-03
-1.019764971443715140e-02
-1.067522171972701273e-02
-1.123210613742764430e-02
-1.184010509439903380e-02
-1.248158313152014642e-02
-1.314352584580313898e-02
-1.380424256560175422e-02
-1.443987355210518686e-02
-1.504136530758271029e-02
-1.561748840796095550e-02
-1.620011870983306679e-02
-1.682141499159628406e-02
-1.749212828180579660e-02
-1.823781585009698336e-02
-1.908752433502214352e-02
-2.030748315422203909e-02
-2.233320327144650008e-02
-2.579635476794173155e-02
-3.215615400189264506e-02
-4.446193217769112138e-02
-6.024708270008549693e-02
-6.656104860177514126e-02
-7.328261051587847685e-02
-7.035521860904581093e-02
-4.832315465252912112e-02
-2.961542189397159408e-02
-1.942919956708466511e-02
-1.471930598726978179e-02
-1.351349325827388981e-02
-1.366938317232291311e-02
-1.402614756726983103e-02
-1.430756045506298424e-02
-1.416421340766160775e-02
-1.366032967459229752e-02
-1.290596583764258565e-02
-1.179870420373518858e-02
-1.016964045583312881e-02
-7.151619264426423150e-03
-1.960287081332556802e-03
3.631945298144922951e-03
7.067747686912206895e-03
8.841195862163919728e-03
9.931293573290367327e-03
1.070395302023730011e-02
1.130138956318971211e-02
1.179367350229176825e-02
1.221202054326042674e-02
1.255011209913792225e-02
1.278116490580460951e-02
1.287990461542909415e-02
1.284425646811482302e-02
1.268374549793249706e-02
1.241562993493117162e-02
1.205914846178834932e-02
1.163599175015017639e-02
1.119765156835972331e-02
1.077449485672166141e-02
1.038868382322233330e-02
1.002126270698833199e-02
9.626020946686297819e-03
9.164764098765210143e-03
8.618064866011465597e-03
8.026758295480940220e-03
7.387826554596577111e-03
6.710888984697183091e-03
6.019145173717599384e-03
5.339284078509476394e-03
4.723834847363939105e-03
4.193545079246963070e-03
3.720971359162605907e-03
3.263298187426544317e-03
2.779596209715018418e-03
2.231010831600710453e-03
1.642722093647019932e-03
1.065467306052392260e-03
5.294247945857311066e-04
7.693852259116340520e-05
-2.371989872074209416e-04
-3.370703840482880409e-04
-1.820292354115515820e-04
2.162303574674284690e-04
8.104604533067938377e-04
1.547000216599370148e-03
2.375300951682368655e-03
3.296117116699970317e-03
4.283891442017018214e-03
5.343244983766592959e-03
6.482005245195154863e-03
7.734500071864602866e-03
9.160991808044083307e-03
1.079807167372848209e-02
1.260198109655297216e-02
1.444201020303181870e-02
1.621503399557733260e-02
1.779270028240453883e-02
1.910281684983849981e-02
2.010959408966306317e-02
2.081010847656916685e-02
2.123137904284666533e-02
2.143640304353788828e-02
2.150029621762628018e-02
2.146785451742494466e-02
2.132926998705897415e-02
2.104087836143175849e-02
2.056009990902896156e-02
1.989353613861266634e-02
1.906448094538548688e-02
1.810495164684267078e-02
1.704394772790251977e-02
1.591598564866303356e-02
1.476072161532981930e-02
1.361785898774203751e-02
1.250946566661825798e-02
1.142757268781013913e-02
1.035322429044416292e-02
9.283119720139398900e-03
8.233857056068605296e-03
7.228447271630522586e-03
6.288486731203413171e-03
5.423877697929957442e-03
4.641315987840122226e-03
3.939198377377550742e-03
3.359491600814279444e-03
2.899460747377569092e-03
2.533454240163934834e-03
2.223843479230658282e-03
1.938469686180277485e-03
1.661772161788421798e-03
1.391770453426532939e-03
1.132991309959918702e-03
8.926020837585202372e-04
6.836171778102917429e-04
5.165046988659938165e-04
3.923020268742360983e-04
3.066710275054784773e-04
2.460314541640196140e-04
1.889755570075868363e-04
1.170191115027474638e-04
2.327768708376698470e-05
-8.470413480743399504e-05
-1.995703872645915311e-04
-3.162284778142065989e-04
-4.250590651175834012e-04
-5.213467857734244149e-04
-5.966982929271891223e-04
-6.521509665271540968e-04
-6.954380025516737618e-04
-7.312747644019346183e-04
-7.668286044482108821e-04
-8.050230479992315225e-04
-8.465182459311826335e-04
-8.861272985026813487e-04
-9.155511661271820145e-04
-9.299801781352812213e-04
-9.299801781352812213e-04
-9.245103565896917175e-04
-9.230014403013298008e-04
-9.267737310223456149e-04
-9.320549380319453903e-04
-9.350727706087802460e-04
-9.351670778767751102e-04
-9.327150889081314844e-04
-9.232843621054254157e-04
-9.029139922115403394e-04
-8.722641301026623495e-04
-8.400110444373165564e-04
-8.232243507284575657e-04
-8.326550775312746566e-04
-8.631163251040518958e-04
-8.964067907175632399e-04
-9.150796297869856488e-04
-9.147024007148951696e-04
-8.977270924700464505e-04
-8.674544594332589398e-04
-8.253934178931165988e-04
-7.771080966632037956e-04
-7.374990440918161028e-04
-7.269366300727275743e-04
-7.550401959448560518e-04
-8.129448585135756744e-04
-8.679259957734553055e-04
-9.042342939639125277e-04
-9.195120713842985793e-04
-9.267737310223456149e-04
-9.345069270005890161e-04
-9.428059665870236472e-04
-9.498790116890809543e-04
-9.670429344700304242e-04
-1.017591630132597125e-03
-1.117557334241459088e-03
-1.257886549065889703e-03
-1.411607395950253974e-03
-1.552596761650981705e-03
-1.671612533901245534e-03
-1.772992847030474550e-03
-1.861453064440077299e-03
-1.936427342521640504e-03
-2.002536737408799894e-03
-2.077888244562453579e-03
-2.190302508050967489e-03
-2.357980830603345623e-03
-2.573284323509450466e-03
-2.802922521155659652e-03
-3.016528483237301828e-03
-3.201370728570629431e-03
-3.365182453133885865e-03
-3.516451311049606510e-03
-3.663004805563807587e-03
-3.811727367242778719e-03
-3.980254455207332676e-03
-4.196029484453633884e-03
-4.471595321629107112e-03
-4.789127893076727815e-03
-5.110244140709374605e-03
-5.403822666078084147e-03
-5.668543167430484253e-03
-5.916476975074025368e-03
-6.161958793748811836e-03
-6.405082930722949541e-03
-6.640851100791045347e-03
-6.876053427250838901e-03
-7.125967687522938299e-03
-7.397761233977395712e-03
-7.675118909245437493e-03
-7.918714582559660542e-03
-8.094786251966468171e-03
-8.189753670869936997e-03
-8.204937141022217162e-03
-8.139204975207259274e-03
-8.000196062135200847e-03
-7.799510195773295962e-03
-7.562893260293024333e-03
-7.327596626565124893e-03
-7.162841829321586751e-03
-7.186701568132503049e-03
-7.744434751245421467e-03
-9.391039651000521182e-03
-1.282165514002631124e-02
-1.854629492381398848e-02
-2.621036367458118299e-02
-3.539240221151440657e-02
-4.808908401328559901e-02
-5.415964285619712104e-02
-3.726553316907077473e-02
-1.617918249633099048e-02
-4.334849782989702582e-03
3.962492272580275809e-03
9.805959214082227149e-03
1.324977772063185011e-02
1.578621884785769147e-02
1.775568467970389808e-02
1.968667314619498843e-02
2.154947745790247726e-02
2.358010155306433653e-02
2.605500718790243475e-02
2.962986564337577455e-02
3.529348862474990245e-02
4.311005222791708391e-02
5.164108769365849394e-02
6.095327026046926111e-02
7.162941884475748644e-02
8.140342410309753252e-02
8.709996032101308128e-02
8.833590422214365745e-02
8.641203595438862184e-02
8.328211918946748504e-02
8.016781027740493837e-02
7.693962533919962432e-02
7.338480717818196553e-02
6.943842524031540453e-02
6.511000455967053124e-02
6.051134640249367092e-02
5.568064521233595521e-02
5.071315132990472652e-02
4.566200690073340951e-02
4.064594477526817240e-02
3.576936309921519008e-02
3.116514081322474539e-02
2.694800270885200355e-02
2.318966946343170576e-02
1.992423315435554176e-02
1.713523716335285663e-02
1.474553814517742811e-02
1.262753836618835113e-02
1.064689712308086733e-02
8.742267538003334337e-03
6.922514494150266984e-03
5.200935316313604062e-03
3.572626026555836276e-03
2.016556104106781433e-03
5.117893354646962933e-04
-9.248875856617821967e-04
-2.296303877313499164e-03
-3.636693077784247663e-03
-4.954071304856366709e-03
-6.239102138995034075e-03
-7.481317473449489164e-03
-8.627245087248103239e-03
-9.621620921327012077e-03
-1.038767885951208392e-02
-1.087732219510928466e-02
-1.110686608548749899e-02
-1.115345387589294912e-02
-1.111271313610517897e-02
-1.105669461889702276e-02
-1.100161917436914827e-02
-1.093437809226571744e-02
-1.085317953449438377e-02
-1.075858934466300543e-02
-1.066673406560458837e-02
-1.059091102211062729e-02
-1.052489593449157379e-02
-1.047444154609711298e-02
-1.045671177970797228e-02
-1.049981020119639119e-02
-1.065975532777052592e-02
-1.099822411272022293e-02
-1.155916374294607696e-02
-1.236652826452699916e-02
-1.339127103891057935e-02
-1.455389103915005755e-02
-1.575461117567245051e-02
-1.688262040854593415e-02
-1.784794960407243281e-02
-1.859109087612687006e-02
-1.909440876558810007e-02
-1.937770779874181670e-02
-1.946852569785206821e-02
-1.938478084384387401e-02
-1.916683674743302479e-02
-1.884477742712009629e-02
-1.845123319764252479e-02
-1.799836969657586661e-02
-1.749552334345483295e-02
-1.695834914477178934e-02
-1.641306452103852287e-02
-1.587721062410785144e-02
-1.535521989557731004e-02
-1.486048396750649925e-02
-1.439884989051332109e-02
-1.397342980444260530e-02
-1.360091609573510496e-02
-1.329394593830657278e-02
-1.305761192463039677e-02
-1.288965068027392302e-02
-1.278930774709297058e-02
-1.275497990153107164e-02
-1.278449807642356717e-02
-1.287192091388478232e-02
-1.302017193922355709e-02
-1.322010334744128102e-02
-1.345521136663307971e-02
-1.371710264994463468e-02
-1.399823261593380330e-02
-1.429133960496231648e-02
-1.458708719749568505e-02
-1.487623328126708167e-02
-1.514925282220580538e-02
-1.539680940077725602e-02
-1.561032105559090333e-02
-1.578714718314189192e-02
-1.591663106214324941e-02
-1.599169964749291850e-02
-1.600367667053237408e-02
-1.594435739894328741e-02
-1.580572571494320844e-02
-1.558344348420315217e-02
-1.527571886863032802e-02
-1.488641846621396869e-02
-1.442619899824126861e-02
-1.389949290630920764e-02
-1.331912597886986127e-02
-1.269886707705480955e-02
-1.205371105648067598e-02
-1.139799262188756490e-02
-1.074472617626309745e-02
-1.010419121182226654e-02
-9.482706315522948515e-03
-8.882157632725706797e-03
-8.312447426573332798e-03
-7.779045518611416021e-03
-7.284592512344700843e-03
-6.828051027825021713e-03
-6.407629226959699054e-03
-6.016442679182887332e-03
-5.649870328361061844e-03
-5.304611420113514164e-03
-4.980383032635926632e-03
-4.678882696752983961e-03
-4.402845323237314368e-03
-4.154157057449592294e-03
-3.931120368565244050e-03
-3.736092938284918397e-03
-3.566622777639971709e-03
-3.422238350290318643e-03
-3.300299052731214822e-03
-3.198541510529784304e-03
-3.114702349253595237e-03
-3.047744188954371047e-03
-2.992574437158390666e-03
-2.946741104897232510e-03
-2.910527113974770153e-03
-2.887233218772045085e-03
-2.877613877433238265e-03
-2.884121078927104342e-03
-2.912696181139318163e-03
-2.981634794067211658e-03
-3.145069289558377612e-03
-3.533332312026460365e-03
-4.366159795974655644e-03
-5.797555510091645381e-03
-7.562987567561019198e-03
-8.980425806009995071e-03
-9.531557480361052548e-03
-9.176396308970602433e-03
-8.106197431397732522e-03
-6.481849046897081301e-03
-4.353711236595114720e-03
-1.673970215602005318e-03
1.730993696520410907e-03
6.206156486215586021e-03
1.220098659290125287e-02
1.979050544829297209e-02
2.803998656533912559e-02
3.545206629593766756e-02
4.122484994005315428e-02
4.551352010722453656e-02
4.882865634655098042e-02
5.165834592370743827e-02
5.435298749304895427e-02
5.717824462860809920e-02
6.033697226391143698e-02
6.403013918712496810e-02
6.845263136762691492e-02
7.374803162098875209e-02
7.991577410360228839e-02
8.677615631624158166e-02
9.405719609791629576e-02
1.015123270963692592e-01
1.089646288767813775e-01
1.162857964010017842e-01
1.233896799796873056e-01
1.302482703542341413e-01
1.369528569600926282e-01
1.436623003902544049e-01
1.510444847168882498e-01
1.590669682397929385e-01
1.670633286494540570e-01
1.731876426351409703e-01
1.709868882284580893e-01
1.569426498738459852e-01
1.434676030354121723e-01
1.244388483364899933e-01
9.579145960330270881e-02
1.083384286170807620e-01
1.337821051481157264e-01
1.834338443844932831e-01
2.634749219017886723e-01
3.378158795249834867e-01
4.085814128490967145e-01
4.535726283604715192e-01
4.539868730352810688e-01
4.475254341432138294e-01
5.439392671931640999e-01
7.844930949424540056e-01
1.051778011315435357e+00
1.072577361394751350e+00
9.736937624560706439e-01
9.553727130732416750e-01
9.696543817635207008e-01
9.954804035359550163e-01
1.016474557065789597e+00
1.024514440279645333e+00
1.025980116685690335e+00
1.025012476962097185e+00
1.023410196478314660e+00
1.022231261320706519e+00
1.021283402546582231e+00
1.020383499018249429e+00
1.019484184910341984e+00
1.018590835737137379e+00
1.017708779859278767e+00
1.016835895363235931e+00
1.015945846944412256e+00
1.014985374573189159e+00
1.013880942157322274e+00
1.012544537438925918e+00
1.010926766986369962e+00
1.009058987966274135e+00
1.007084429541954540e+00
1.005198095566874228e+00
1.003565766429816764e+00
1.002275489753893911e+00
1.001342307548356292e+00
1.000735192722022493e+00
1.000399918595777482e+00
1.000276317132619219e+00
1.000310055557755984e+00
1.000459249655774929e+00
1.000692070723717242e+00
1.000984918367758603e+00
1.001321170931909643e+00
1.001691067613929453e+00
1.002089822319965462e+00
1.002517470415243306e+00
1.002972208273261945e+00
1.003455933827790636e+00
1.003973044155200833e+00
1.004525731899474250e+00
1.005126704964977691e+00
1.005785747730768787e+00
1.006510782007361993e+00
1.007317297763530739e+00
1.008202253589880915e+00
1.009161052007096604e+00
1.010189708533103303e+00
1.011277259947993112e+00
1.012426653353891925e+00
1.013623719083778241e+00
1.014845964854227844e+00
1.016052602771818858e+00
1.017204023783980116e+00
1.018237348519754226e+00
1.019071284114101861e+00
1.019602304763546075e+00
1.019707787442834634e+00
1.019246530594913436e+00
1.018095133159569343e+00
1.016187108512842663e+00
1.013607097427788428e+00
1.010695690602886332e+00
1.008016373964599310e+00
1.006159723202130651e+00
1.005466659089398807e+00
1.006368495916725836e+00
1.009682170393398026e+00
1.014541210917597969e+00
1.017563169437444737e+00
1.016487453584692391e+00
1.014424411366146250e+00
9.992005894914582909e-01
9.659794043546279241e-01
9.523384356665086647e-01
9.618743975919394895e-01
9.757038039899855741e-01
9.864056748816282250e-01
9.934560862393424507e-01
9.977806167451811481e-01
9.994785247987429955e-01
9.985020437687722739e-01
9.945547187582254312e-01
9.873721121875540518e-01
9.776911999911654938e-01
9.683883656322979094e-01
9.635121258200914918e-01
9.659300934418582063e-01
9.753919180662110611e-01
9.902223253839148587e-01
1.008810724083192500e+00
1.020219121450077981e+00
9.944078823419070234e-01
9.671784976907767950e-01
9.157765452323078925e-01
8.471999808534763643e-01
7.664336332914176708e-01
7.010590305360756558e-01
6.458082687969227687e-01
6.010375554666040898e-01
5.682945906975310768e-01
5.394857243446641304e-01
5.091690262369441555e-01
4.757558432908188251e-01
4.423062813160519857e-01
4.129051653199741767e-01
3.916732042254003621e-01
3.827503692146399517e-01
3.914936903407105762e-01
4.293662867627705548e-01
4.884285474696941631e-01
5.300850344068098741e-01
5.679861116238140717e-01
6.229406778109105591e-01
7.162350268374653162e-01
9.308533184993242893e-01
1.031581378986081265e+00
9.900082478854931312e-01
9.769876559832739726e-01
9.892933398518044541e-01
9.998486808257498470e-01
1.005930462233556533e+00
1.012096695799881596e+00
1.018455599114786336e+00
1.023739163806010710e+00
1.027606374792368493e+00
1.030285196317498375e+00
1.032098277122138530e+00
1.033259411782906367e+00
1.033903907652604426e+00
1.034119942026837657e+00
1.033973836491846487e+00
1.033524438782879917e+00
1.032832105551475088e+00
1.031968486744516023e+00
1.031027889630029559e+00
1.030113604243322767e+00
1.029289759526654136e+00
1.028548928782666350e+00
1.027830802513456154e+00
1.027081625576248047e+00
1.026284399085980015e+00
1.025452302483359057e+00
1.024608323164966528e+00
1.023772760770245371e+00
1.022970488841137948e+00
1.022201106571754892e+00
1.021440259110128368e+00
1.020610190113769855e+00
1.019573871122235964e+00
1.018222966661380235e+00
1.016563182320918246e+00
1.014833587025299355e+00
1.013456040761225863e+00
1.012873905572510891e+00
1.013240572230600600e+00
1.014145827696393720e+00
1.014566532419063138e+00
1.013206810228646892e+00
1.008745274839181638e+00
1.000666537030898695e+00
9.886156831889864050e-01
9.699329536448645372e-01
9.593887291401378414e-01
9.699761110083955362e-01
1.020530854124542142e+00
1.043166861825504999e+00
9.810804617431613250e-01
9.486226232105601230e-01
8.558002702720730603e-01
7.743666634234963597e-01
7.302310506012983371e-01
7.166987474627635191e-01
6.496132251979740424e-01
5.653512608624018387e-01
4.898251202250921144e-01
4.149598377684829975e-01
3.316061231544638610e-01
2.327154275938639882e-01
1.371226571961755569e-01
6.927621673930850488e-02
2.546327623466571044e-02
-2.679851536380173371e-03
-1.713677849587924573e-02
-3.064780355706542281e-02
-4.350773123979179147e-02
-3.539919233481236827e-02
-4.155760281005949075e-03
5.975354035026103627e-02
3.506070572093179516e-01
8.350268812153835984e-01
1.019676642467568506e+00
9.957078490896196232e-01
9.710100015877778379e-01
9.673024645945985656e-01
9.629890387695700937e-01
9.628295651793360443e-01
9.690634759988792091e-01
9.787427967601198819e-01
9.899676957602414618e-01
1.004329737819696700e+00
1.025159572723402412e+00
1.054543006106725134e+00
1.065619889849678037e+00
1.056485264291745496e+00
1.039452687958338339e+00
1.020062076271995855e+00
1.001864486891422823e+00
9.909436463118295180e-01
9.860133802234520850e-01
9.845527256794296411e-01
9.846213224285109700e-01
9.849003422693779486e-01
9.849250507736010407e-01
9.851005801762167113e-01
9.860573274103527908e-01
9.877620727408465973e-01
9.883105048696503303e-01
9.862153274495237820e-01
9.835503101507514501e-01
9.849236833182146711e-01
9.900718345609604842e-01
9.935898493106305462e-01
9.886203278219367618e-01
9.832336499215330594e-01
9.787220727379708496e-01
9.763079245605593703e-01
9.777561659104276881e-01
9.809977896343269332e-01
9.844021641260242150e-01
9.885078546164057789e-01
9.936284327716621290e-01
9.989278292955066085e-01
1.003136055363050838e+00
1.005306643232373620e+00
1.005284763946191262e+00
1.003549592733349982e+00
1.000766785656811653e+00
9.975117703008525849e-01
9.941970112905982315e-01
9.910933237345972424e-01
9.883769561283839433e-01
9.861535090353319433e-01
9.844822545733963315e-01
9.833835513240622994e-01
9.828546879533741620e-01
9.828785712690021326e-01
9.834241506029479662e-01
9.844481742844130023e-01
9.858801240537296007e-01
9.876092242361914630e-01
9.894907721174193149e-01
9.913636437299887527e-01
9.930875216474835954e-01
9.945780244418366278e-01
9.958096655738635228e-01
9.967848616673073980e-01
9.975014790202291204e-01
9.979480121459294306e-01
9.981128023083984946e-01
9.979954840669726934e-01
9.976245500050046067e-01
9.970627262441410510e-01
9.964126426688124649e-01
9.958243303540417202e-01
9.954681318027029935e-01
9.954637700915567322e-01
9.957236927106482005e-01
9.958064827035675304e-01
9.951025732550125014e-01
9.933264844762560442e-01
9.907449408980961714e-01
9.877570980324581473e-01
9.839605821318953005e-01
9.797120043420439739e-01
9.710071370045114669e-01
9.549968514565192468e-01
9.435009840985384422e-01
9.539386767556199409e-01
9.937962289782995562e-01
1.025712378351760989e+00
9.946976649997376629e-01
9.885457189845187065e-01
1.016918649990929957e+00
1.019555198283166542e+00
1.012139629183651079e+00
1.009254793431515695e+00
1.009431855327236782e+00
1.012899179920342174e+00
1.023846603361110663e+00
1.034646058698344584e+00
1.053052078929666013e+00
1.127647878367887380e+00
1.124964907322964169e+00
1.046417397586232756e+00
9.694917842450332390e-01
9.630611484643853970e-01
9.747810545259733006e-01
9.828157744169044863e-01
9.836034287194677095e-01
9.812947042793020991e-01
9.784235666578477986e-01
9.762244390515382175e-01
9.753253135581668731e-01
9.760479076341997962e-01
9.785817317347378363e-01
9.821251033510987050e-01
9.852587688299238033e-01
9.903599668416006585e-01
9.878771158194312729e-01
9.597593567034847784e-01
9.491769377552070619e-01
9.701611182914479103e-01
9.713838591750546536e-01
9.848326414393429040e-01
1.011431711676204825e+00
1.014762738690193844e+00
1.008272536081378234e+00
1.001845861205987509e+00
1.001560758546332863e+00
1.005780325062857194e+00
1.011854774080574781e+00
1.017208267611041439e+00
1.020674932053270645e+00
1.024763859426760293e+00
1.032397160431333782e+00
1.048366587355453294e+00
1.064622708374375337e+00
1.063340318143741303e+00
1.037603817545481810e+00
9.814087335547555524e-01
9.469892684819628537e-01
9.534795653980464580e-01
9.706884255922134663e-01
9.816647542106323732e-01
9.803380631408425971e-01
9.761072269057888828e-01
9.731524741028199088e-01
9.723986643210699166e-01
9.738196390820699211e-01
9.767256468158773686e-01
9.803892719873814610e-01
9.842465924990048132e-01
9.878458175948547915e-01
9.908816864367356869e-01
9.932142706157121026e-01
9.949079937842553178e-01
9.962724784917069698e-01
9.976982865001933209e-01
9.993873768241947619e-01
1.001301814365147091e+00
1.003282597069156568e+00
1.005180177185948986e+00
1.006888906998516964e+00
1.008353310256443480e+00
1.009560749785813005e+00
1.010528601700759088e+00
1.011291877574537423e+00
1.011891082378765239e+00
1.012363538214764658e+00
1.012741403860932587e+00
1.013050943891415034e+00
1.013311844948412199e+00
1.013537758008971501e+00
1.013737807301274163e+00
1.013919395945860558e+00
1.014089879909636727e+00
1.014254799744599200e+00
1.014418611469162457e+00
1.014586054023544737e+00
1.014760145240322986e+00
1.014943478569367841e+00
1.015138553153282164e+00
1.015348316094191850e+00
1.015576256761013596e+00
1.015824827142716158e+00
1.016094923158346264e+00
1.016384894430712782e+00
1.016686654111582877e+00
1.016990535705983634e+00
1.017283619118195093e+00
1.017548669694985586e+00
1.017762181349799233e+00
1.017898266737562452e+00
1.017924201236269921e+00
1.017801413173298641e+00
1.017491047954220962e+00
1.016954604636865156e+00
1.016151342481443454e+00
1.015048206790512220e+00
1.013656561589868721e+00
1.012024480009389826e+00
1.010210267517533289e+00
1.008246884504474750e+00
1.006139282101785826e+00
1.003901370631500090e+00
1.001490240286665445e+00
9.986582991234849160e-01
9.950120854313403429e-01
9.903157367328958571e-01
9.848123653767170138e-01
9.791986191517209059e-01
9.743262930911376074e-01
9.708754604815285072e-01
9.690719754414101050e-01
9.692610025717621758e-01
9.744903170070539078e-01
9.861509273738697789e-01
1.001188091588314677e+00
1.017938158711938046e+00
1.034649217991823411e+00
1.048081590791474893e+00
1.075993807216756082e+00
1.100504289753844844e+00
1.027577752536522171e+00
9.355326565242984005e-01
9.024513939021990838e-01
8.447333772053268186e-01
7.933886486288354023e-01
7.322935682356661591e-01
6.741969019634603821e-01
6.275090987002760468e-01
5.904031142716008596e-01
5.581595772171829006e-01
5.241817295037446423e-01
4.793614930693031462e-01
4.259770014339576694e-01
3.742039616642101607e-01
3.287656825487523249e-01
2.929208102733623642e-01
2.700475254860429386e-01
2.619935433356171961e-01
2.783814587616074698e-01
3.686969830550292926e-01
3.986581663391036701e-01
3.929609699703118797e-01
4.756187440999242733e-01
7.784081247701472028e-01
1.027196279637352161e+00
1.039244174588730196e+00
9.984126876323164979e-01
9.939524018141525641e-01
9.959578105035257201e-01
9.955296908719076798e-01
9.961295794038287355e-01
9.970336796055886408e-01
9.972216575675838524e-01
9.969811858225230417e-01
9.966914974719603970e-01
9.963170622526669185e-01
9.957263922561954139e-01
9.949109173095641578e-01
9.939212096852526601e-01
9.927872708829019732e-01
9.915119890625955223e-01
9.900912618581740876e-01
9.885442925870897568e-01
9.869336069680445522e-01
9.853655364457392096e-01
9.839417678319238858e-01
9.827656265271310643e-01
9.818910916538976519e-01
9.813248000862113685e-01
9.810508021073667262e-01
9.810419254357637397e-01
9.812596337640044908e-01
9.816627973348208691e-01
9.822058185841214817e-01
9.828392569266433121e-01
9.835147563107051738e-01
9.841785262283061497e-01
9.847720843848608574e-01
9.852322802760167253e-01
9.854921203762486703e-01
9.854846465252575793e-01
9.851455411662486394e-01
9.844170175207385132e-01
9.832551637670517986e-01
9.816395270164350872e-01
9.795915268071392346e-01
9.771965112167286804e-01
9.746176907609331863e-01
9.720889474644600625e-01
9.698809431865476061e-01
9.682509127891482104e-01
9.674080180043380661e-01
9.675169075336840230e-01
9.687363122976843099e-01
9.712778813826090651e-01
9.754837851336780608e-01
9.818327272433973185e-01
9.906943804140251331e-01
1.001388011208123929e+00
1.012579266090376962e+00
1.024303026961545404e+00
1.034415359543932933e+00
1.044714538401099402e+00
1.056056590604927958e+00
1.045278873092974292e+00
1.027773770193116665e+00
9.981989991513753324e-01
9.961621271997066485e-01
9.806032198133096678e-01
1.004633525106829239e+00
1.002672523352288625e+00
9.881280792480602315e-01
9.715270058195114578e-01
9.503103107139495576e-01
9.099966767546817659e-01
8.936838652792666871e-01
9.162899186342224889e-01
9.685889336145747652e-01
9.954101799865002764e-01
1.029257247096001748e+00
1.043119778921942409e+00
1.038382889886654725e+00
1.025511032334522898e+00
1.014915657925300030e+00
1.001988772082274215e+00
9.907200791445625043e-01
9.866803447997575249e-01
9.952227560797046735e-01
1.020395971154446135e+00
1.004369323295451144e+00
9.258009362872601233e-01
8.866281137725005035e-01
8.575306318142448259e-01
7.785441394274593696e-01
7.194451931932731581e-01
6.340517007848892606e-01
5.474385855269476853e-01
4.758464961522099745e-01
4.263954192053773795e-01
3.913381776557336988e-01
3.618543306087790290e-01
3.402876730199766442e-01
3.388196860858651016e-01
3.136201710717525515e-01
2.580362217546594561e-01
1.927842213948549599e-01
1.486957622066706897e-01
1.170117265966411635e-01
8.746601398186071297e-02
8.513209771272323145e-02
1.099625412334113150e-01
1.571373943823222152e-01
2.826513617824414348e-01
6.203865422825211029e-01
9.491571568057383113e-01
1.012180723575693886e+00
9.939300156264047059e-01
1.009841903328619006e+00
1.033933119328875883e+00
1.048171394887453811e+00
1.054420147313302802e+00
1.055812594125724591e+00
1.055717980359076158e+00
1.055825773566431369e+00
1.056070052967438722e+00
1.055738468613055092e+00
1.054461571780783702e+00
1.052336286765339413e+00
1.049638839554774217e+00
1.046607403154490523e+00
1.043389709899853246e+00
1.040060380416688579e+00
1.036650206028007837e+00
1.033169914185548599e+00
1.029620070732919501e+00
1.026004754459462376e+00
1.022333513976065200e+00
1.018621485599246146e+00
1.014889299043886250e+00
1.011164421301798733e+00
1.007478303846870205e+00
1.003863600570655157e+00
1.000352965364708302e+00
9.969680063818161520e-01
9.937387251216199813e-01
9.906966791536833128e-01
9.878674611128670513e-01
9.852782786459970410e-01
9.829536044891262758e-01
9.809111684086440075e-01
9.791564520145041861e-01
9.776830542008896341e-01
9.764507411295780814e-01
9.753865071867080516e-01
9.744095899856226595e-01
9.734224640227733261e-01
9.722811574651080146e-01
9.708768515137318200e-01
9.691862051198081307e-01
9.671627719538332668e-01
9.649451719113989467e-01
9.628358837662939207e-01
9.606768485373045063e-01
9.579101208499647413e-01
9.551154310576548401e-01
9.528801484024654878e-01
9.359618724779072974e-01
8.732024367888788774e-01
7.646966525578712259e-01
5.881536030073477583e-01
2.700733185238484158e-01
9.024058096085518788e-02
2.195877100114052016e-02
-1.784898698402082040e-02
-3.266975138356886799e-02
-4.535228709513605683e-02
-5.603796071349498309e-02
-5.691869628960111172e-02
-5.261243781694269206e-02
-4.720759397903528942e-02
-4.282070279221361631e-02
-4.015312740879595221e-02
-2.940285331183822848e-02
4.815973048226562803e-03
9.233061863487423970e-02
3.500054239929383804e-01
8.168660451454222704e-01
9.800232890569847699e-01
9.939105765407825199e-01
1.005255245771298656e+00
1.014636956371462562e+00
1.013766783209375522e+00
1.009024636543895292e+00
1.006380449362948237e+00
1.004854062653111058e+00
1.002563940321563818e+00
9.989214281896893199e-01
9.946201915790533477e-01
9.904706482090390729e-01
9.873352026805299886e-01
9.859492041275594865e-01
9.865094364532751570e-01
9.877999724741850507e-01
9.873772047800275509e-01
9.838664281131785927e-01
9.774621865791699449e-01
9.682824585703033726e-01
9.594577502719252582e-01
9.568235125077552139e-01
9.598001210200894917e-01
9.636329923724769042e-01
9.731436210080338656e-01
9.803967222615554977e-01
9.934261436817437563e-01
1.006731295976826646e+00
1.024717295213172008e+00
1.040272265271128926e+00
1.049477196897375730e+00
1.055989019447386434e+00
1.061042615865526395e+00
1.064595477150732439e+00
1.066653379623171194e+00
1.067447234628607244e+00
1.067279367691518877e+00
1.066356830418859758e+00
1.064836833026431062e+00
1.062860058381312811e+00
1.060552170918150905e+00
1.058033836786386406e+00
1.055413179268812174e+00
1.052778163469680894e+00
1.050191102916341546e+00
1.047694082227151213e+00
1.045312776555830103e+00
1.043053268721166216e+00
1.040918529402102166e+00
1.038907827717311161e+00
1.037013454047631456e+00
1.035231282450087331e+00
1.033554829300001643e+00
1.031977021552272555e+00
1.030490173164555490e+00
1.029088554970318148e+00
1.027768606870192336e+00
1.026527193147516170e+00
1.025360612242019576e+00
1.024264856094811327e+00
1.023234643498882157e+00
1.022263349368652818e+00
1.021342438896367222e+00
1.020463565888804602e+00
1.019621119063517600e+00
1.018807836760867946e+00
1.018016952434374733e+00
1.017241322308484852e+00
1.016473142456769230e+00
1.015700907392528496e+00
1.014910659640094526e+00
1.014089856332819561e+00
1.013227322059442770e+00
1.012313767554063215e+00
1.011341035237996566e+00
1.010303018715638101e+00
1.009200731790119043e+00
1.008041601158796707e+00
1.006832016139079577e+00
1.005574287259034749e+00
1.004270560009009605e+00
1.002932858565677599e+00
1.001588025135201176e+00
1.000293492843808751e+00
9.991112215665940433e-01
9.980816219679069512e-01
9.972090321820767933e-01
9.964716200765549869e-01
9.958458795647859851e-01
9.953170161940978478e-01
9.948723220601241035e-01
9.944927470947230175e-01
9.941414407329132175e-01
9.937497119183451577e-01
9.932171351989784736e-01
9.924221249295090974e-01
9.912474218105536972e-01
9.896332468225914614e-01
9.876066897283632962e-01
9.851534629767629836e-01
9.814427549016964125e-01
9.752520485993182442e-01
9.693783326015965596e-01
9.653242163984173674e-01
9.620925656681119653e-01
9.587250888950303862e-01
9.545943834018045804e-01
9.495659316590022714e-01
9.442534146364934822e-01
9.398342939408235175e-01
9.373702807954426008e-01
9.368903746852691450e-01
9.375273613387503646e-01
9.390053448432728045e-01
9.395381455424010042e-01
9.385088170771095362e-01
9.364563254841739015e-01
9.343085246084882334e-01
9.313015845210745880e-01
9.244685514161632423e-01
9.090368409575177999e-01
8.802714089957817123e-01
8.447731218245959628e-01
8.138255316705910181e-01
7.870167456464536304e-01
7.678340696977026258e-01
7.443110726699224688e-01
6.855367733117156970e-01
6.118830799042691559e-01
5.580867248526318880e-01
5.118745838725597963e-01
4.600434036720734698e-01
4.129653333569755502e-01
3.820260422425569846e-01
3.624994866293531626e-01
3.474634187368989546e-01
3.312855727504393499e-01
3.112675348099117612e-01
2.869958618522848726e-01
2.571549674885792447e-01
2.215172882810451105e-01
1.822690081634551484e-01
1.429877205020557707e-01
1.070988538861311623e-01
7.665514746519552780e-02
5.220754429906393490e-02
3.336268877279480183e-02
1.919868018778825292e-02
8.779424601606078404e-03
1.241256053655104274e-03
-4.189710897495757536e-03
-8.213424795144752544e-03
-1.125775771433101813e-02
-1.358224325666568255e-02
-1.536983752212151000e-02
-1.677473289392283906e-02
-1.792933677637997825e-02
-1.892201507963431339e-02
-1.974456307136762678e-02
-2.045337649786016510e-02
-2.107476708689148825e-02
-2.162919951562347620e-02
-2.212384113642618111e-02
-2.257651602295673854e-02
-2.300118165088327338e-02
-2.339217958412409537e-02
-2.375262196252403424e-02
-2.408071694799074347e-02
-2.437165486985470864e-02
-2.462760479528047775e-02
-2.485365931674177187e-02
-2.503586095857035509e-02
-2.515525395989282043e-02
-2.521683660591456100e-02
-2.521485615328600272e-02
-2.514582323309000333e-02
-2.500304202929681807e-02
-2.479085067623565397e-02
-2.452066035333766436e-02
-2.419303690421115149e-02
-2.380562264715535559e-02
-2.336020942026284519e-02
-2.284906402755537691e-02
-2.228548379382477851e-02
-2.167852221680166558e-02
-2.103374342529962249e-02
-2.035737169900853072e-02
-1.965619716122612992e-02
-1.893738716432280533e-02
-1.820858059700847242e-02
-1.747647327531332007e-02
-1.674785532253508791e-02
-1.602461288403445039e-02
-1.530278505455417992e-02
-1.457152649827120339e-02
-1.381603097410522007e-02
-1.301272166504940930e-02
-1.213208039621127554e-02
-1.113402657867934575e-02
-9.967917209522947353e-03
-8.569529039215484367e-03
-6.863321946067202362e-03
-4.764136467049540080e-03
-2.194923564184270148e-03
8.731747865449168700e-04
4.320011125671374685e-03
7.698286080942140508e-03
1.026212346952981580e-02
1.200152672102372531e-02
1.430318990449575001e-02
1.815262397083039492e-02
2.317278846245485191e-02
2.858588418631458072e-02
3.390033450781793078e-02
3.884212965971167719e-02
4.323274598362047971e-02
4.699961403679731031e-02
5.012123176213201248e-02
5.263626513951558117e-02
5.463821982519723175e-02
5.627445092546923266e-02
5.773498758540662745e-02
5.929412249406651458e-02
6.126934106926240631e-02
6.401901092949779937e-02
6.789867047523512333e-02
7.314262611388810953e-02
7.993496563264579358e-02
8.924111253430278001e-02
1.010379615381924445e-01
1.133931567224371051e-01
1.294858903995022015e-01
1.518722196083630571e-01
1.842354561627245202e-01
2.345685182569645644e-01
3.026290362122533439e-01
3.735915302656414583e-01
4.646345172478081320e-01
5.460542491395763420e-01
5.914827674527932677e-01
6.292874626418736295e-01
6.880422816550285647e-01
7.596910438036463820e-01
8.238387944679160801e-01
8.773000522194356332e-01
9.219480717940509162e-01
9.580936427935456967e-01
9.857211337882442193e-01
1.005322203931598102e+00
1.017976918999097258e+00
1.024425673563614803e+00
1.030477441683371742e+00
1.037007654150647884e+00
1.041749117088434984e+00
1.044596347817444482e+00
1.045949067693209722e+00
1.046027248418404110e+00
1.044943799369673521e+00
1.042735052422025355e+00
1.039598934954231613e+00
1.035979728505968422e+00
1.032509904770260167e+00
1.029621650379658915e+00
1.027309000399461603e+00
1.025312609842593758e+00
1.023394635779090400e+00
1.021430121078815478e+00
1.019372100722291785e+00
1.017225808762894479e+00
1.015006664438946160e+00
1.012740955901409556e+00
1.010460771198230523e+00
1.008197608956930669e+00
1.005972405391011737e+00
1.003794284728655173e+00
1.001670107823610323e+00
9.996092110954117871e-01
9.976115238136082919e-01
9.956740281456233355e-01
9.937977143177709749e-01
9.919748844992986037e-01
9.902195197426910678e-01
9.885392589366588378e-01
9.869247185080329832e-01
9.853689197189796634e-01
9.838800673018170961e-01
9.824675212528970469e-01
9.811338160800476826e-01
9.799028704641226106e-01
9.788132678661531916e-01
9.779170541096821045e-01
9.772491818259219087e-01
9.768200366027641746e-01
9.766552110750695848e-01
9.768218166524481605e-01
9.774274579277189012e-01
9.785926713778290154e-01
9.804196625045031865e-01
9.829713224671068339e-01
9.862341771147207226e-01
9.901262144893867578e-01
9.945159584710662193e-01
9.992525174309158098e-01
1.004150884085883044e+00
1.008922831848059865e+00
1.013139427685641358e+00
1.016360846077365876e+00
1.018431338570086275e+00
1.019635218000087606e+00
1.020337217726465129e+00
1.020603399990472004e+00
1.021139489655572552e+00
1.022413274347999224e+00
1.022980532565182843e+00
1.018001250274248148e+00
1.007590317304469352e+00
9.993872825169266561e-01
9.840547361506120083e-01
9.602244212073524077e-01
9.060779268463471370e-01
8.182690779486800903e-01
6.705396778977738004e-01
5.522175827574095086e-01
4.635778043095632461e-01
4.218304523197032863e-01
4.020643090920764107e-01
3.898545357151296242e-01
3.866884992665541865e-01
3.884122946651895059e-01
3.878539956384684517e-01
3.808804447041964081e-01
3.670111934854088931e-01
3.469101651490173466e-01
3.162023512239715561e-01
2.760597552836796531e-01
2.360760670900136082e-01
1.986341012305827824e-01
1.714968076266811803e-01
1.598679670207819870e-01
1.601568301827493990e-01
1.627493369808173940e-01
1.631057241466922214e-01
1.636574216646513591e-01
1.654320486807533408e-01
1.684632728896839904e-01
1.719127498323151926e-01
1.753153089091028516e-01
1.784799779022919752e-01
1.814329270787599091e-01
1.840877709809939367e-01
1.863468072793177388e-01
1.880378309023136296e-01
1.903023841758169077e-01
1.973964597986277436e-01
2.201660537447511778e-01
2.864446830242999287e-01
3.269496074883523340e-01
3.761645154592277995e-01
5.943358452324204455e-01
8.082517186794001551e-01
8.893512243483776558e-01
8.955909822185383895e-01
9.024698073962813538e-01
9.173405369652710695e-01
9.356539710362068440e-01
9.532280243374008366e-01
9.685746224866516041e-01
9.809800127143037951e-01
9.908324580428254924e-01
9.986855657123532293e-01
1.005041498348315132e+00
1.010387400143705428e+00
1.014331872359394593e+00
1.016864659079984357e+00
1.018295111721420954e+00
1.018952386225936646e+00
1.019129754620278661e+00
1.019085736702927125e+00
1.018996828525994491e+00
1.018964834785316187e+00
1.019031934406517514e+00
1.019173159540388340e+00
1.019331289252052963e+00
1.019450375754754390e+00
1.019485151559839320e+00
1.019408739095920335e+00
1.019215055544209436e+00
1.018918294148544845e+00
1.018546251976177430e+00
1.018133846293094447e+00
1.017715169176687695e+00
1.017319644494581565e+00
1.016967501155767950e+00
1.016668499962487759e+00
1.016425611593683609e+00
1.016235417410889630e+00
1.016090773638552935e+00
1.015981377207641367e+00
1.015894520213788343e+00
1.015819239437085741e+00
1.015739455488334553e+00
1.015636306913929809e+00
1.015490861529814826e+00
1.015284918033260375e+00
1.015001901921910754e+00
1.014628775215961287e+00
1.014157286029459204e+00
1.013586396982456339e+00
1.012924029885467370e+00
1.012184637327316894e+00
1.011386184842564706e+00
1.010545294087199952e+00
1.009673281933386457e+00
1.008776466968081653e+00
1.007862723848166109e+00
1.006938229699695375e+00
1.006021869553091808e+00
1.005132929244667350e+00
1.004279071239948973e+00
1.003431531822188472e+00
1.002455769885136405e+00
1.000931033552489691e+00
9.979804656345392377e-01
9.928169776723305695e-01
9.853710887861442114e-01
9.758776476501851427e-01
9.652521067036020641e-01
9.552254994278511768e-01
9.491353600384155875e-01
9.517831426839560294e-01
9.637993032396428017e-01
9.790993253868967017e-01
9.903195208120254556e-01
9.991320163191940162e-01
1.005390175895028548e+00
1.004961431477759959e+00
9.975352292337743565e-01
9.886165673196241066e-01
9.825048197774017833e-01
9.796155280068521432e-01
9.799201169057629723e-01
9.827155965214425803e-01
9.872592735413595610e-01
9.929364531925124471e-01
9.992029118079335248e-01
1.005636105673226588e+00
1.011651683378878230e+00
1.016896723551113491e+00
1.021594687261522916e+00
1.024739646035694340e+00
1.024740424070655465e+00
1.020531184199980235e+00
1.012965595813850372e+00
1.004704019789679714e+00
9.962467326075356011e-01
9.839103517232623553e-01
9.604872555633442444e-01
9.406161011927690607e-01
9.064270523525839174e-01
9.057959245381287383e-01
9.159988864050905288e-01
9.125135727006089548e-01
9.136524744229395090e-01
9.192884064327391247e-01
9.281584175849957319e-01
9.366625754793493908e-01
9.451048088638346334e-01
9.550700810501423499e-01
9.897667623373009871e-01
1.051135825973804172e+00
1.065854172680274825e+00
1.070484966039031871e+00
1.046987296406921342e+00
1.019366017903504007e+00
1.000485973977852217e+00
9.940247472771379655e-01
9.925656134378124662e-01
9.960850899501370037e-01
1.002719394064498060e+00
1.011210278210876945e+00
1.021139583962840547e+00
1.031476792225839212e+00
1.040993928062889928e+00
1.049135215166691948e+00
1.055938234983553770e+00
1.061586839532494553e+00
1.066224658782719548e+00
1.069888260377406475e+00
1.072506112253756916e+00
1.073981007195251358e+00
1.074290099266210552e+00
1.073576876974937866e+00
1.072119145956224262e+00
1.070176416234863703e+00
1.067902479388191717e+00
1.065374525915088189e+00
1.062641194789038623e+00
1.059745112895191133e+00
1.056732420064427913e+00
1.053656069827746400e+00
1.050566988109880917e+00
1.047509074944098728e+00
1.044516941097765494e+00
1.041614186964705091e+00
1.038819485383986718e+00
1.036143964613237767e+00
1.033588992107844495e+00
1.031150088272575926e+00
1.028826852301542694e+00
1.026605043797272465e+00
1.024470587400012622e+00
1.022404126543000391e+00
1.020387294885787721e+00
1.018397105031792371e+00
1.016407433867771326e+00
1.014388574604295767e+00
1.012313626093161112e+00
1.010159789552321774e+00
1.007915276573274177e+00
1.005587961812898667e+00
1.003215532813180655e+00
1.000875498360030091e+00
9.986880884317729246e-01
9.968045129442825170e-01
9.953855186359110707e-01
9.945812898309920325e-01
9.944877723863345675e-01
9.951395652808960879e-01
9.965049459073940241e-01
9.984932024623947022e-01
1.000942421155103901e+00
1.003594612665424712e+00
1.006056999010431996e+00
1.007798429868188572e+00
1.008289204891002155e+00
1.007288369009063267e+00
1.005122767636537517e+00
1.002829238454932881e+00
1.000354922240519917e+00
9.941410870806580702e-01
9.839098330332881615e-01
9.813450997256542019e-01
9.959534134271539330e-01
1.014127036973239360e+00
1.019358803397499846e+00
9.919602079307118236e-01
9.735363872025502019e-01
9.587884398023276411e-01
9.645781633894625617e-01
9.786104247210352103e-01
9.886417355717789235e-01
9.958469169447342617e-01
1.000072495549595430e+00
1.001572947760725363e+00
1.001765016300471212e+00
1.002123018478310978e+00
1.003568737108759601e+00
1.006418785267401361e+00
1.010471569380419821e+00
1.014919076563765898e+00
1.018712775034696483e+00
1.021546378363475949e+00
1.025003800693438549e+00
1.029921052378828250e+00
1.033671204468747273e+00
1.027738310660338605e+00
1.003549132985418479e+00
9.580822316141144324e-01
8.929484218379649674e-01
8.346163764131718787e-01
7.940280386441003202e-01
6.997686241876593938e-01
5.688421151188800540e-01
6.237503528605581327e-01
9.224724437810992717e-01
1.026393512595087598e+00
1.014707663245665969e+00
9.824194716998371213e-01
9.735943625955699732e-01
9.890357159723710545e-01
1.010481141568124519e+00
1.024182172197568574e+00
1.031790246007944667e+00
1.035877523004243850e+00
1.037560860584895606e+00
1.037509321662918538e+00
1.036161482188273864e+00
1.033867434316694922e+00
1.030916701361025645e+00
1.027545051491333794e+00
1.023955009565707952e+00
1.020316705895669251e+00
1.016769361585642795e+00
1.013424424249619760e+00
1.010365850932961163e+00
1.007644237484963901e+00
1.005273965764002186e+00
1.003236245046921216e+00
1.001486420842310432e+00
9.999649381104103174e-01
9.986067602015079592e-01
9.973482532865018957e-01
9.961325972364056813e-01
9.949162928238417525e-01
9.936744075648253904e-01
9.924017427712067407e-01
9.911150733482859687e-01
9.898461926337969174e-01
9.886322459029336374e-01
9.875086691116574666e-01
9.865019390254670117e-01
9.856269679811190398e-01
9.848876107881943121e-01
9.842783151062874936e-01
9.837870567587252424e-01
9.833974262808707900e-01
9.830915760222500577e-01
9.828524363673500908e-01
9.826643994633122992e-01
9.825116334775167992e-01
9.823808410851715411e-01
9.822608940286494672e-01
9.821415717577779425e-01
9.820141744270817208e-01
9.818735387136361403e-01
9.817161516717072267e-01
9.815399503298068984e-01
9.813447107081735288e-01
9.811312579954024615e-01
9.809014193948116800e-01
9.806579062403568692e-01
9.804042904198146946e-01
9.801453226618119796e-01
9.798866731908388861e-01
9.796347902663467000e-01
9.793973717190882500e-01
9.791833060090749941e-01
9.790009746947528901e-01
9.788582877982276997e-01
9.787643106056385101e-01
9.787280376726735787e-01
9.787554692992610494e-01
9.788502245268113633e-01
9.790146492486168084e-01
9.792498044214426045e-01
9.795554189118933497e-01
9.799307500502331125e-01
9.803715304325837376e-01
9.808720308924127051e-01
9.814238227176399487e-01
9.820170861639820892e-01
9.826449603776902242e-01
9.833048754857105500e-01
9.840047297217404676e-01
9.847738408577279001e-01
9.856691115415187054e-01
9.867676969067676884e-01
9.881597900669343293e-01
9.899524533480466015e-01
9.923248469825389773e-01
9.955976864121552916e-01
1.000298703320367188e+00
1.007010021107481057e+00
1.016147876689343477e+00
1.025937772722345986e+00
1.032033747373990895e+00
1.035781895434464195e+00
1.032982431336710638e+00
9.991571492061233073e-01
9.720099651274872743e-01
9.701354667145445365e-01
9.634751927362503743e-01
9.750526948231171831e-01
9.899262830811690339e-01
9.863224251407771703e-01
9.747316375175270053e-01
9.612955867344225025e-01
9.490464872267083685e-01
9.398745159906370938e-01
9.338009157383317937e-01
9.291191493012059821e-01
9.247382702027210355e-01
9.223352149177111992e-01
9.250061971511862602e-01
9.247618470197278562e-01
9.397635870666201097e-01
9.932047573700499843e-01
1.026311276657367877e+00
1.039227293587753342e+00
1.011700676004618327e+00
9.905742211661499041e-01
9.897383522728078198e-01
9.949033963049389584e-01
9.982116363252909741e-01
9.995937093382297745e-01
9.987093311438961507e-01
9.966988416504580783e-01
9.945348435014886856e-01
9.927606880217267893e-01
9.914800660523682696e-01
9.906193707707180440e-01
9.900427289803656050e-01
9.896172853174778350e-01
9.892350343833465898e-01
9.888166991307864029e-01
9.883161633057320206e-01
9.877139642457442026e-01
9.870098072406106038e-01
9.862142311275330364e-01
9.853424665302980001e-01
9.844128915777623501e-01
9.834409608734738795e-01
9.824424944616443334e-01
9.814365659872320569e-01
9.804511257667987145e-01
9.795212207388249714e-01
9.786839018712368832e-01
9.779712572119807490e-01
9.774039164759376064e-01
9.769890705922943397e-01
9.767213912004076848e-01
9.765867557868903592e-01
9.765690731741352160e-01
9.766397918367470954e-01
9.767728358151164247e-01
9.769427539352845136e-01
9.771353411650045562e-01
9.773454931233946930e-01
9.775736341931610118e-01
9.778230769170930259e-01
9.780963793798358452e-01
9.783928932189218663e-01
9.787089522393066510e-01
9.790380020858620025e-01
9.793694685561606939e-01
9.796821796685304395e-01
9.799485623354817765e-01
9.801366110279280397e-01
9.802185051018010853e-01
9.801842244098732948e-01
9.800603282365024649e-01
9.799271427972310322e-01
9.799600678221810357e-01
9.804286216949658073e-01
9.816403639934389025e-01
9.838164806263497431e-01
9.869445819763612571e-01
9.906694950836744118e-01
9.944057957936018877e-01
9.976481150336029557e-01
1.000474480279561318e+00
1.003568088746291886e+00
1.007754058298581779e+00
1.012965713697935310e+00
1.018137453546096527e+00
1.022494048523064469e+00
1.025733031643458970e+00
1.025928813531883366e+00
1.014729589685482214e+00
9.816737605547289913e-01
9.676479356941992682e-01
9.753033989067589893e-01
9.828446088641038525e-01
9.961282826788934175e-01
1.008928843936396591e+00
1.019734382092418290e+00
1.028122872122536391e+00
1.034522327562692912e+00
1.039554940613696798e+00
1.043793392160643707e+00
1.047640680736630747e+00
1.051248334544560681e+00
1.054486751821346990e+00
1.056896891939867356e+00
1.058104402199687710e+00
1.058557666506643624e+00
1.059394054089959791e+00
1.060898184284542856e+00
1.062154734323737415e+00
1.062762521089355650e+00
1.062721332390044848e+00
1.060786665940100626e+00
1.055285793726524535e+00
1.042459863813921972e+00
1.019181906539497806e+00
9.909858606026802352e-01
9.649920426236084925e-01
9.464603461692322472e-01
9.297449251782005097e-01
9.122442311431232520e-01
8.957779699542194329e-01
8.813788651384294459e-01
8.702920732381294044e-01
8.637708140671116475e-01
8.628539705957596340e-01
8.660339055779606721e-01
8.674187547611019733e-01
8.603999540207896146e-01
8.421022633694101867e-01
8.292208999393714253e-01
8.591570078050080328e-01
9.588316914731266349e-01
9.746144843138202507e-01
1.002754853597276341e+00
1.022788098584773264e+00
1.032228114653394924e+00
1.036176618504792035e+00
1.038581831068558170e+00
1.041124850127728818e+00
1.043284745910538991e+00
1.043032521122200240e+00
1.039673366965522039e+00
1.034731312468641029e+00
1.029180363095742567e+00
1.023665580560132460e+00
1.018740595678764516e+00
1.014724591400276932e+00
1.011685351073563943e+00
1.009521588692764649e+00
1.008054332639980233e+00
1.007094520419633321e+00
1.006487158036721175e+00
1.006129049763204719e+00
1.005966204688138799e+00
1.005973820000032104e+00
1.006143549505664092e+00
1.006469758345770238e+00
1.006942732871743518e+00
1.007552146437735496e+00
1.008298305542366657e+00
1.009182860562827910e+00
1.010212483738331946e+00
1.011399246399186325e+00
1.012754418263920320e+00
1.014287005676630660e+00
1.015991020125797117e+00
1.017837627164221104e+00
1.019778258548867944e+00
1.021750860097375924e+00
1.023699554753439322e+00
1.025604231492150742e+00
1.027503179064329641e+00
1.029454349286178516e+00
1.031457388505442552e+00
1.033407521347343261e+00
1.035130562287834399e+00
1.036369335407005821e+00
1.036878971883424816e+00
1.037286732933557332e+00
1.040479623376703522e+00
1.048656487897368761e+00
1.058439876728877405e+00
1.050954873903277020e+00
1.005867017018991172e+00
9.297393374725698711e-01
7.402710612975176296e-01
3.946860385170656293e-01
1.685057111602962232e-01
6.916682030839693684e-02
2.279489923946975694e-02
7.715261389186989227e-03
-1.009481205082263244e-03
-1.300913798886438322e-02
-1.729464886255682732e-02
-1.605535705341132324e-02
-1.396220723954733067e-02
-1.256315891836368159e-02
-1.243310919575413287e-02
-1.330394250871747008e-02
-1.377906252503846574e-02
-7.909849699365145703e-03
8.772917400112212327e-03
3.853666841857161796e-02
1.780662990710906168e-01
6.088068711284896350e-01
1.006013122553982342e+00
1.069582421907194325e+00
1.022698365219245398e+00
1.035506140982752621e+00
1.046369725262245032e+00
1.047329867558030037e+00
1.046212868698698895e+00
1.049549954954658526e+00
1.038069836910438415e+00
9.945470209274727136e-01
8.846119245835509792e-01
8.111258133494499978e-01
7.843589855866661686e-01
7.169138328701123442e-01
6.413432676153575374e-01
5.514161831705313155e-01
4.632855225091299101e-01
3.912685317382956218e-01
3.406835277775208670e-01
3.067270642371077161e-01
2.865601622739991639e-01
2.785224009736742001e-01
2.877343820682060072e-01
3.581908704749940386e-01
3.554939655312199243e-01
3.524930611089601151e-01
4.408787521999241177e-01
7.234086270640399663e-01
8.880927292217800639e-01
9.031395717196063488e-01
9.211241799237482875e-01
9.432363696928625085e-01
9.633077148166425685e-01
9.772315699436178171e-01
9.840101523896520597e-01
9.861177076387070972e-01
9.860524587976408073e-01
9.850488290628867105e-01
9.837672758092564917e-01
9.826027342984310353e-01
9.817261953957521214e-01
9.811677902733545453e-01
9.808816973873855094e-01
9.807882153079534593e-01
9.807997915251038812e-01
9.808338953909041535e-01
9.808231443623490753e-01
9.807208917069906162e-01
9.805027118424096688e-01
9.801699486471756595e-01
9.797325633264739597e-01
9.792174923937347897e-01
9.786572954332446450e-01
9.780827637680143960e-01
9.775175567339103866e-01
9.769768224358593711e-01
9.764674570928358888e-01
9.759889302264572741e-01
9.755332964493923509e-01
9.750854076567141426e-01
9.746243630001460989e-01
9.741281888862379779e-01
9.735716816976094368e-01
9.729316182695086912e-01
9.721845396690141916e-01
9.713097454507937378e-01
9.702896237325434603e-01
9.691120678187301607e-01
9.677726688445738024e-01
9.662749161789911945e-01
9.646281344531084656e-01
9.628447722263054898e-01
9.609400836991854877e-01
9.589320579831246416e-01
9.568387077663160767e-01
9.546748982318827847e-01
9.524529246898937318e-01
9.501841629545546564e-01
9.478832778060437558e-01
9.455707574983400754e-01
9.432681748190047122e-01
9.410006155013330709e-01
9.387971026070602854e-01
9.366891465521161031e-01
9.347105800689051724e-01
9.328943753360117164e-01
9.312708875053318236e-01
9.298651551565266793e-01
9.286933519860631758e-01
9.277594153223811535e-01
9.270542445141162213e-01
9.265594496440029415e-01
9.262540473449053513e-01
9.261234907207301914e-01
9.261693712066254580e-01
9.264169985156478493e-01
9.269209765559852654e-01
9.277616197547713384e-01
9.290216237976572922e-01
9.306996919597080309e-01
9.326296312578423731e-01
9.350914871244671023e-01
9.392771266013186793e-01
9.453009444045141763e-01
9.524746625151739865e-01
9.599879810979997652e-01
9.667511678825285726e-01
9.715256265757166165e-01
9.736878682518188555e-01
9.739389613529413348e-01
9.733511559397363122e-01
9.722556473491066331e-01
9.706998131948277875e-01
9.689134567122649200e-01
9.673075336102550104e-01
9.662974556160496276e-01
9.660912763513251900e-01
9.666307139244407765e-01
9.678554942027186581e-01
9.699486086513571248e-01
9.730200431216927681e-01
9.767297491820365885e-01
9.804593894411596233e-01
9.837270183942173896e-01
9.862139128405034150e-01
9.875366312166276028e-01
9.870988686668538126e-01
9.846215110430469597e-01
9.799162503077739617e-01
9.722496706259954324e-01
9.590944433102589484e-01
9.369641229688663309e-01
9.063238094709110682e-01
8.737491065506113319e-01
8.456602820833364342e-01
8.165175562132447329e-01
7.778608773763979745e-01
7.380129562834656376e-01
6.975917413081957896e-01
6.334010985195865917e-01
5.703247904099868482e-01
5.391715632580484918e-01
5.032470013411756149e-01
4.652489526758223914e-01
4.343792603252079054e-01
4.107480280247537974e-01
3.901870631421935909e-01
3.706643269733448931e-01
3.502929668531533647e-01
3.263380720088299158e-01
2.933570285416222667e-01
2.479718915716977445e-01
2.012971970187691362e-01
1.567989727510065157e-01
1.165312782196765706e-01
8.340933969403618864e-02
5.817054570279034387e-02
3.986974880577021096e-02
2.694276865547651223e-02
1.787517198829435827e-02
1.148264813233801362e-02
6.922231572346171369e-03
3.627795778351705636e-03
1.223431979997968710e-03
-5.306832053081356193e-04
-1.805434547231921094e-03
-2.720309354363847909e-03
-3.363202000505327582e-03
-3.798901578791036293e-03
-4.068243136276739058e-03
-4.200461926050946815e-03
-4.215739703471332867e-03
-4.127562407865825733e-03
-3.940362480831849368e-03
-3.662438961955616357e-03
-3.304354265256326251e-03
-2.876104961144765326e-03
-2.387781927299936768e-03
-1.848721583256329737e-03
-1.265619745044133104e-03
-6.458323795692777480e-04
5.453613426631420680e-06
6.817310324497283247e-04
1.374040687037503261e-03
2.071254319562565449e-03
2.764601354098616959e-03
3.445877058327218023e-03
4.117344806680911518e-03
4.780702129984382154e-03
5.436797793649583710e-03
6.084877339532668294e-03
6.723997694953021131e-03
7.352744250890386191e-03
7.970456856468688400e-03
8.579021657048269134e-03
9.179570339845510851e-03
9.781345017127129893e-03
1.038972120317060988e-02
1.101714745735571377e-02
1.167890155710260558e-02
1.236640154102097711e-02
1.315122662554335520e-02
1.410853970328762585e-02
1.531298497689714821e-02
1.684802437857602087e-02
1.881470814601537977e-02
2.131040853345345099e-02
2.441113719892007428e-02
2.812547610380577989e-02
3.243206465190229260e-02
3.721957311330359452e-02
4.231716387197836937e-02
4.752584859238917492e-02
5.263126685431018803e-02
5.746536310611694010e-02
6.193052932540121791e-02
6.602742566303920757e-02
6.989062859050576559e-02
7.385492890929756804e-02
7.845622766997917275e-02
8.433765328686204654e-02
9.200615447922655399e-02
1.015384502096128294e-01
1.126021545118589540e-01
1.246475503206342372e-01
1.373522482401877687e-01
1.511794855710691943e-01
1.668641045457465166e-01
1.849258796719517317e-01
2.038869217524303945e-01
2.196505702177145025e-01
2.284704688454232135e-01
2.303713261397796197e-01
2.261491425965674873e-01
2.203757931088436983e-01
2.040404068311446606e-01
2.013537342259514862e-01
2.229840020670382783e-01
2.544415587729003114e-01
2.661611229706416504e-01
2.732267177985082673e-01
2.880888830887202712e-01
3.238018666497741727e-01
4.079431412590885375e-01
5.273348930102343957e-01
5.856264747228396850e-01
8.588593269134801034e-01
9.817047522806844340e-01
9.836706462247541971e-01
9.280402623665662265e-01
9.427660475588023337e-01
9.672091121876601472e-01
9.763572826269630855e-01
9.775014419794861853e-01
9.768597281741950855e-01
9.756215916290827961e-01
9.742298285443542483e-01
9.745723525418290567e-01
9.773706260103239840e-01
9.807351438928711973e-01
9.836775660205456795e-01
9.859247667567320184e-01
9.874724315439180611e-01
9.884253121800650188e-01
9.889257772746683495e-01
9.891152287877265081e-01
9.891144035991312755e-01
9.890150391038561306e-01
9.888819126066271670e-01
9.887485974948622136e-01
9.886272947713622417e-01
9.885119216173394729e-01
9.883776987981196527e-01
9.881851115683996101e-01
9.878882087118330269e-01
9.874425597167704183e-01
9.868120095343320131e-01
9.859613461883180996e-01
9.848564186592942971e-01
9.834582426803398780e-01
9.817298262255711450e-01
9.796487477420147139e-01
9.772138991192712565e-01
9.744419727437815260e-01
9.713429651859564196e-01
9.679466893309010000e-01
9.645074800920762081e-01
9.615800410316095448e-01
9.594814921266511254e-01
9.575977044478075628e-01
9.550355999552698760e-01
9.516308600229090864e-01
9.420729834460703778e-01
9.141800528571006890e-01
8.690235284932826820e-01
8.309604196013992139e-01
8.251610530961085432e-01
8.480088808152648205e-01
8.647219618072086167e-01
8.135834272309524495e-01
6.694796406283309853e-01
5.484408360179069408e-01
4.745058947603861821e-01
4.522846975778409551e-01
4.598446511047061258e-01
4.776132249346147218e-01
4.792988966201500722e-01
4.494759442141865735e-01
4.049155007263430250e-01
3.570943127160076669e-01
3.023665319316996003e-01
2.800438601287571494e-01
2.881831432031134455e-01
3.205844327401238814e-01
3.754132166084890310e-01
4.164590404083115538e-01
4.466383328265158825e-01
4.781555153025882077e-01
5.175813524290562295e-01
5.659594720107263832e-01
6.658649137752989944e-01
8.691771432444905798e-01
1.020670664649392378e+00
9.946319092571056508e-01
9.677516501122122028e-01
1.002501167046283115e+00
1.031680543078411949e+00
1.043581318691667592e+00
1.046548885494679837e+00
1.045016698887858642e+00
1.037823058366828199e+00
1.026841896500922946e+00
1.025442824602922132e+00
1.034267650785385406e+00
1.028383985370886933e+00
9.902278069938690308e-01
8.074784933888450311e-01
4.185741402388087895e-01
1.340540873091061735e-01
2.587968997663980808e-02
-1.716280730185482106e-02
-2.448529512782748885e-02
-2.746861124460020509e-02
-2.685683999690768875e-02
-2.166852564639076828e-02
-1.517650762266575803e-02
-9.160741302478014880e-03
-4.434249643490373316e-03
-1.821561090064593991e-03
-1.656197707747830705e-04
1.573123329842940343e-03
3.382691188749009648e-03
5.088521052825201174e-03
6.095251139015656072e-03
6.075163690925866611e-03
5.157082436680893167e-03
3.592053323769439643e-03
1.547943289279651857e-03
-1.179139980263199661e-03
-5.012164581961076060e-03
-9.868894578094367098e-03
-1.520206489230102598e-02
-1.995335936277986555e-02
-2.581889420500027565e-02
-1.316766850641815090e-02
1.982455552863107151e-01
7.442756367139612417e-01
1.058603381954819733e+00
1.064518380959120325e+00
1.014950457307201903e+00
1.000440010973097316e+00
9.983597105245022307e-01
9.969938583616642092e-01
9.939578244820641562e-01
9.899900701595809593e-01
9.864753915295173536e-01
9.835770462612370979e-01
9.808996629219446373e-01
9.782394552938415977e-01
9.755455799710528453e-01
9.728851837284138160e-01
9.703674743822998661e-01
9.680822088750560273e-01
9.660930210357836501e-01
9.644396967431816403e-01
9.631400364940901904e-01
9.621839847760558229e-01
9.615394417527238780e-01
9.611707592767799735e-01
9.610545137805279747e-01
9.611691324764064515e-01
9.615087918906150000e-01
9.620683640654544844e-01
9.628436051738635815e-01
9.638478950594938643e-01
9.650930692844826853e-01
9.665920243677326162e-01
9.683496760755897492e-01
9.703680991679506374e-01
9.726316857919566905e-01
9.751235195814056400e-01
9.777947022178252734e-01
9.805741849631657292e-01
9.833966364575010832e-01
9.862305816501272249e-01
9.890811720755601222e-01
9.919653948304533175e-01
9.948502305825887015e-01
9.977515701066287379e-01
1.000741523097388841e+00
1.003149376264659720e+00
1.002163499873111707e+00
9.966714100238706076e-01
9.945533748796560047e-01
1.000502760671561076e+00
1.020974381206074089e+00
1.011432584018433944e+00
9.364458102237889214e-01
8.900418011069154423e-01
8.693436663030096323e-01
8.146901863839474123e-01
7.559018367163556906e-01
6.960825185211393373e-01
6.364635855878681969e-01
5.821899178759281090e-01
5.370865474460519984e-01
4.936351338533913613e-01
4.474381291898376078e-01
4.126184948019884779e-01
4.200720225768849736e-01
4.643466914657890521e-01
4.388162758249860573e-01
4.985856288507606870e-01
7.703735050806882478e-01
1.013584699451631987e+00
1.032310421321565697e+00
9.881072491302347327e-01
9.844709848548670594e-01
9.971747868553743066e-01
1.007677480796943525e+00
1.014994663839089650e+00
1.020036660463262468e+00
1.023173320197847458e+00
1.024845694558590870e+00
1.025431366269856870e+00
1.025190033970975190e+00
1.024244721493087429e+00
1.022642912545645322e+00
1.020405519765333890e+00
1.017672377253820315e+00
1.014801027441012859e+00
1.012265010696493217e+00
1.009896978773146881e+00
1.009138984106378256e+00
1.010849552910672688e+00
1.010358377081970183e+00
1.007680427899069420e+00
1.003484673967721896e+00
9.984696727990218790e-01
9.880437921272609003e-01
9.696918099605189578e-01
9.505078372868325243e-01
9.424913304870391473e-01
9.483474581792736835e-01
9.613550946205476899e-01
9.756374706153368992e-01
9.886186892331547682e-01
9.993298493906981328e-01
1.007639239199758618e+00
1.013837442929944821e+00
1.018370133153136514e+00
1.021625973697690926e+00
1.023874754080616789e+00
1.025316500017399823e+00
1.026155858279659050e+00
1.026575619929648076e+00
1.026688835804914657e+00
1.026544545684832999e+00
1.026105710389885406e+00
1.025258100241673853e+00
1.023785751596416160e+00
1.021404728846899257e+00
1.017934032768961883e+00
1.013635413185013601e+00
1.009265850958691813e+00
1.005350826187444202e+00
1.001827105848058563e+00
9.984869546058878775e-01
9.952377391469124923e-01
9.920838447590955012e-01
9.890689474959422078e-01
9.862501857734683464e-01
9.836995985560385014e-01
9.814895784602718498e-01
9.796968916023426344e-01
9.783994593624583125e-01
9.776692735513491384e-01
9.775821100588749646e-01
9.781863838787593357e-01
9.794856904755957494e-01
9.814127651904637206e-01
9.838369688803285662e-01
9.866740026359827054e-01
9.901494612309553744e-01
9.948879299129825826e-01
1.001420665099678420e+00
1.009554148277051144e+00
1.018271204828976151e+00
1.026047357767793766e+00
1.031877998920843975e+00
1.035590310219467014e+00
1.036576481321227483e+00
1.034595038466341821e+00
1.028978663426249440e+00
1.017170521127013449e+00
1.007215210145891326e+00
9.938571632618535823e-01
9.783884254120991386e-01
9.710964459873332455e-01
9.678786820022449167e-01
9.657920629666918444e-01
9.661539435309292045e-01
9.686569998852734287e-01
9.720422300015610917e-01
9.752285189359454209e-01
9.775777129825031775e-01
9.789718101721154309e-01
9.802439209105344720e-01
9.830602424324480504e-01
9.883204896516526450e-01
9.962897249333475536e-01
1.010105963679095220e+00
1.021040443447327029e+00
1.020777939166773285e+00
1.013601934104863878e+00
9.889068450906118857e-01
9.511554335079668299e-01
9.506754802441593766e-01
9.874654999597179961e-01
1.057161777478938802e+00
1.070530681487207980e+00
1.005072902668568080e+00
9.680410909061962776e-01
9.538927491160906769e-01
9.516528925584019083e-01
9.552925283186015637e-01
9.582546488768851622e-01
9.638818456759836728e-01
9.758769757109004850e-01
9.972929656506209772e-01
1.016015799360471261e+00
1.013148811258810067e+00
9.551515389529008360e-01
7.748605329035420652e-01
4.115092055618184141e-01
1.511663768608134673e-01
4.184817382807903829e-02
-8.118645990777384469e-03
-2.124282263851595687e-02
-2.326901429208050320e-02
-2.402649026887504480e-02
-1.856807990272824060e-02
-1.106706841838001054e-02
-4.205460211256339953e-03
1.203438839176174113e-03
4.477127034204775313e-03
5.670491203821015347e-03
6.366384534593816369e-03
6.701081028822386543e-03
6.589043994406074134e-03
6.170508338901314893e-03
5.706422272939382090e-03
5.268082091148929003e-03
4.515510092291785682e-03
3.006593803856483227e-03
1.717173269585314799e-04
-4.391622758342039745e-03
-9.695840741264394325e-03
-1.484992155348752174e-02
-1.940911211899487565e-02
-2.575853755346280138e-02
-1.978360628033093427e-02
1.604333390926051539e-01
6.975718896282760983e-01
1.048413976757636812e+00
1.063686803046473450e+00
1.012422126605026396e+00
9.956804410398492067e-01
9.938549116758295110e-01
9.927380542774002503e-01
9.894782764044057766e-01
9.851143018837146270e-01
9.812557907428324233e-01
9.779557790316157906e-01
9.749243190545151538e-01
9.720453892950400299e-01
9.693378983604298282e-01
9.668633699546639315e-01
9.646923694910435332e-01
9.628801374518156653e-01
9.614711279254466447e-01
9.604816442808966626e-01
9.598890174086136540e-01
9.596465062688817049e-01
9.597014874061415846e-01
9.600072315690857394e-01
9.605245894530745066e-01
9.612235595584667225e-01
9.620857755448140036e-01
9.630970323798697663e-01
9.642502570185319533e-01
9.655421722832366882e-01
9.669628876992496513e-01
9.685196531378003071e-01
9.702287012373979058e-01
9.720994509364366820e-01
9.741323148292141409e-01
9.763162707537798024e-01
9.786421591167263623e-01
9.810869453678381369e-01
9.836011417682181124e-01
9.861270558466503910e-01
9.886114275735166101e-01
9.910254578668431513e-01
9.933528079924440757e-01
9.955501083954355623e-01
9.975705708824675888e-01
9.993447027854124309e-01
1.000465910106579370e+00
9.987166635339852494e-01
9.937608165991553832e-01
9.934642909716607795e-01
1.004162837532105446e+00
1.031777514526760919e+00
1.021664686831216251e+00
9.459910496267118774e-01
8.998036171508628778e-01
8.760193713080346445e-01
8.213023179754647130e-01
7.668920461857873239e-01
7.127941849040627664e-01
6.553469538447178611e-01
6.044836373475863667e-01
5.669377448787895624e-01
5.360408213045322334e-01
5.061058790177863642e-01
5.139118094764836275e-01
5.165927529151440600e-01
4.564303743498660526e-01
5.244611619389092372e-01
7.723709389117088264e-01
1.015580146935819661e+00
1.025638865836333791e+00
9.916166465532887386e-01
9.833351363303388659e-01
9.936858894747077064e-01
1.004500221783472869e+00
1.012074179939640217e+00
1.016381570099514908e+00
1.018681818673966566e+00
1.020562116983892986e+00
1.023051239439386251e+00
1.025494339948082034e+00
1.026243422578022146e+00
1.026292745279200336e+00
1.026507553658949412e+00
1.023068591976703301e+00
1.017522876657180220e+00
1.014485192400389701e+00
1.028458110883556209e+00
1.014244685290103254e+00
9.641014047843595725e-01
9.473360834601328717e-01
9.535999250488661483e-01
9.583664737199484307e-01
9.630100221367061675e-01
9.661915249772380365e-01
9.690181259913666079e-01
9.719723954695869139e-01
9.751496780598747360e-01
9.776836907749487660e-01
9.790498022827739399e-01
9.793231754759678109e-01
9.769624995195277384e-01
9.715991980331862843e-01
9.796300631145368198e-01
9.964310090092607375e-01
1.016597486589663202e+00
1.102832146781011602e+00
1.057614664556822515e+00
9.746592095356821916e-01
9.485820710853083426e-01
9.694370506643519292e-01
9.910391559975241238e-01
1.007827193584936776e+00
1.015203530860953052e+00
1.017681501482001982e+00
1.017428427928250834e+00
1.016056280755271990e+00
1.014605787819379490e+00
1.013274876499345556e+00
1.011809105786032559e+00
1.010042282696359983e+00
1.007948991421593998e+00
1.005640726729359891e+00
1.003275300044292884e+00
1.001021132358681065e+00
9.990254019526892959e-01
9.973782783629601134e-01
9.961103407211512328e-01
9.952170387015805142e-01
9.946737698957012208e-01
9.944419979961158784e-01
9.944729779336628495e-01
9.947040425287380083e-01
9.950614788629695839e-01
9.954709845975607818e-01
9.958511371949784197e-01
9.961164235399390110e-01
9.961787606441050436e-01
9.959495468291648113e-01
9.953351349779675505e-01
9.942448250754880590e-01
9.925970531232910510e-01
9.903319222177711101e-01
9.874334354885887510e-01
9.839404711069884568e-01
9.799617299877800836e-01
9.756880664646334633e-01
9.713820909137791393e-01
9.673327843812693505e-01
9.638082860069224767e-01
9.610828649029785620e-01
9.595902637719120332e-01
9.599934627079538263e-01
9.628979733138813835e-01
9.681025203029074433e-01
9.743827006258263257e-01
9.815859840650127399e-01
9.902771768486812176e-01
1.001365648597192903e+00
1.013359517272399923e+00
1.031055592390012654e+00
1.072290997375386912e+00
1.024900157005876666e+00
9.572447594972157692e-01
9.176584585541993633e-01
8.638047057415589869e-01
8.178833258572232312e-01
7.542344665350217969e-01
6.857651619380605856e-01
6.286364713590903985e-01
5.893393518650709151e-01
5.604244369893074396e-01
5.359401011422791905e-01
5.180981326810283338e-01
5.585667724237073362e-01
5.840772420773227003e-01
5.426828821916885870e-01
6.196292667086711337e-01
8.684543369771045018e-01
1.094618879654887911e+00
1.098466262538142946e+00
1.037134308811608507e+00
1.023039333146797736e+00
1.019478337859724304e+00
1.015549402766442899e+00
1.013629283212591714e+00
1.012640495084143444e+00
1.012308509923870670e+00
1.013019563147978808e+00
1.013849325645716171e+00
1.014129559692659166e+00
1.013719888920348922e+00
1.012739800637376231e+00
1.011534341560635264e+00
1.010514384880104144e+00
1.009853927505292459e+00
1.009638411821033310e+00
1.010650847496939342e+00
1.014257558232189105e+00
1.020689573256631899e+00
1.029025039025301735e+00
1.037603864699115919e+00
1.044026331112670958e+00
1.044200681674436249e+00
1.035206715406766342e+00
1.028109669105012669e+00
1.020019072157775319e+00
1.007588360428657959e+00
9.963821224791971076e-01
9.892773311930567193e-01
9.877920388752622349e-01
9.907870726700873654e-01
9.960134046380277884e-01
1.001584193902437470e+00
1.006743980304376285e+00
1.011471980879652399e+00
1.015971026984975545e+00
1.020224001851198548e+00
1.024043611244019436e+00
1.027139294470646780e+00
1.029262999839351433e+00
1.030379409278257441e+00
1.030660374206527674e+00
1.030386529476993607e+00
1.029758678840102526e+00
1.028980525994792838e+00
1.028180517440118180e+00
1.027404698699692309e+00
1.026627724695233113e+00
1.025878524181207840e+00
1.025224149625184156e+00
1.024691195676745270e+00
1.024284495583378085e+00
1.024007774482169175e+00
1.023851978875388147e+00
1.023792730334250223e+00
1.023818994908395785e+00
1.023889513168062981e+00
1.023957084325604505e+00
1.023974837668810700e+00
1.023898778857146752e+00
1.023675907205981339e+00
1.023250817195348716e+00
1.022569753682473381e+00
1.021587732100506019e+00
1.020274314778691016e+00
1.018641926699590972e+00
1.016744936003223687e+00
1.014689839172008723e+00
1.012624250657225833e+00
1.010699109241352422e+00
1.009023151204423874e+00
1.007615308730496650e+00
1.006399805929711011e+00
1.005271985311373628e+00
1.004215460987664787e+00
1.003371269477919103e+00
1.002962341375344568e+00
1.003101892555207986e+00
1.003593245210038232e+00
1.004070369255804840e+00
1.004751456345497340e+00
1.007497825451351803e+00
1.014193169944943573e+00
1.024242458118654886e+00
1.038697946892316537e+00
1.055704824495186323e+00
1.062048921569010762e+00
1.048967654728224508e+00
9.752447751512716145e-01
7.559665020312010819e-01
3.410470822957657466e-01
1.387704409367810365e-01
5.005248176374010871e-02
1.944882580406148698e-03
-1.006137571213794324e-02
-1.335090752819501070e-02
-1.234908141994195407e-02
-8.792754342635822340e-03
-5.331583298769260182e-03
-3.097255504668550152e-03
-1.648978789574706560e-03
-2.446492613815687278e-04
1.182596932942203694e-03
1.275678206485109101e-03
-1.451310755789747553e-03
-6.332183412537939482e-03
-1.120041889537048974e-02
-1.574150246541672349e-02
-6.306437528366570788e-03
1.354497877222748947e-01
6.142654465323555968e-01
9.993732425223991189e-01
1.056935345728405418e+00
1.005312985396148440e+00
9.975607511381842096e-01
1.003540975406734148e+00
1.002247492283698360e+00
9.951206802504737325e-01
9.846464671038486216e-01
9.758015416848873080e-01
9.838860676017453510e-01
1.024095527395068483e+00
1.084390879208264824e+00
1.083704935294268923e+00
9.827777567994809838e-01
9.159536071280289793e-01
8.773352406188182906e-01
7.976226515251233495e-01
7.364202361989795609e-01
6.845574984289296561e-01
6.366361796767664449e-01
5.921896475802912452e-01
5.557652099892400610e-01
5.171459357725747275e-01
4.698778363124019308e-01
4.259514913179562878e-01
4.033992284710015697e-01
4.531564975403014617e-01
3.963061902281390658e-01
3.839981958315419885e-01
4.618606339965067864e-01
7.683449203801975269e-01
1.045862776542964667e+00
1.059504700092172680e+00
1.013941605307481009e+00
9.971385492876349010e-01
9.886751085562519581e-01
9.802548605536256510e-01
9.772271728672461411e-01
9.783454212978787146e-01
9.816706012612500531e-01
9.850493477528609043e-01
9.874446344766669714e-01
9.890762327323971981e-01
9.903381700742778238e-01
9.915028176807798577e-01
9.927049288495056745e-01
9.939917515217370214e-01
9.953692506321764055e-01
9.968386050216743177e-01
9.984188176047382735e-01
1.000134903384212404e+00
1.002000053589211959e+00
1.004014515776315619e+00
1.006157365520429892e+00
1.008402562227170840e+00
1.010731315173383660e+00
1.013107740443584426e+00
1.015499985757996493e+00
1.017877141909524497e+00
1.020211270370014800e+00
1.022480421122834437e+00
1.024665544099842007e+00
1.026741977950448081e+00
1.028677304551268490e+00
1.030432645731058861e+00
1.031967968054541940e+00
1.033245218539068366e+00
1.034236435079668448e+00
1.034928744734256112e+00
1.035322406847818622e+00
1.035432840658678577e+00
1.035289941570800343e+00
1.034930277227361639e+00
1.034392796530057446e+00
1.033715858960158052e+00
1.032933226519617387e+00
1.032073945846987417e+00
1.031161263683837204e+00
1.030217224354067707e+00
1.029262339688475247e+00
1.028314386607082742e+00
1.027385672208367851e+00
1.026483717496955439e+00
1.025614015871208595e+00
1.024785856597027589e+00
1.024006124104978710e+00
1.023283423933269098e+00
1.022628129881382186e+00
1.022049766983388341e+00
1.021555313977121626e+00
1.021146539123857666e+00
1.020813445853185453e+00
1.020529887475044806e+00
1.020257905314054359e+00
1.019948931127180103e+00
1.019547913046711329e+00
1.018996074067850310e+00
1.018235273759857673e+00
1.017232881807996536e+00
1.015988803904998461e+00
1.014539796308577380e+00
1.012935158143094538e+00
1.011222420271635336e+00
1.009454347610661218e+00
1.007696837363706077e+00
1.006040306623991132e+00
1.004583919483847065e+00
1.003407789967462715e+00
1.002495426091341901e+00
1.001617342907149100e+00
1.000368278507354214e+00
9.985945356218899338e-01
9.966333216759961644e-01
9.948401161280927552e-01
9.932707842460775094e-01
9.918625056010356156e-01
9.905962183364173113e-01
9.894910550392234105e-01
9.885557744969720728e-01
9.875951488764384001e-01
9.860712495207952788e-01
9.831266465375476660e-01
9.776862134943684612e-01
9.685918099862496078e-01
9.551375107467817704e-01
9.379662909409660632e-01
9.192006888850653423e-01
8.997594872436304181e-01
8.771859934729610009e-01
8.493801379634017268e-01
8.225637837810051423e-01
7.984948596612283511e-01
7.738259880674878133e-01
7.504032219830079065e-01
7.193213382793322008e-01
6.726063627345475471e-01
6.001756341904693759e-01
5.147182780790182655e-01
4.513207122608838273e-01
4.079668123833633531e-01
3.730710484533992788e-01
3.384842351334922950e-01
2.984085501998656742e-01
2.468704298347739190e-01
1.894411230505584909e-01
1.392369318380776155e-01
9.916289728164140449e-02
7.008292111001335201e-02
5.038609372438640488e-02
3.746415901293220774e-02
2.903521116483021025e-02
2.348900073215010043e-02
1.978833638112831306e-02
1.728452556863990797e-02
1.556851051961682941e-02
1.437948448432979642e-02
1.354684561491759087e-02
1.296242347495291103e-02
1.255595914975560223e-02
1.227737548000329415e-02
1.209366492188623798e-02
1.198558879272704214e-02
1.194211314216653275e-02
1.195748522685502468e-02
1.203010182323593913e-02
1.215873693682500978e-02
1.234310764581825204e-02
1.258293102841145927e-02
1.287792416280053587e-02
1.322704966903731627e-02
1.362794986542092968e-02
1.406959080159231323e-02
1.454584250512980237e-02
1.504444503118962384e-02
1.555012060235150262e-02
1.605598478804948215e-02
1.655208817150666256e-02
1.702900002592022677e-02
1.747761969992567277e-02
1.789205298927121213e-02
1.826470815888070476e-02
1.859417059973378361e-02
1.888100615543852889e-02
1.911894339267117271e-02
1.930548316882907400e-02
1.945085782249300621e-02
1.956869475389300117e-02
1.966512393545083448e-02
1.974665256866026120e-02
1.980186947409023901e-02
1.983077465174054588e-02
1.984874018629978476e-02
1.986713010356511155e-02
1.989070692057182121e-02
1.990975698871333410e-02
1.993588010195690430e-02
1.997379162370382932e-02
2.001726727426433872e-02
2.005550887144946781e-02
2.007847269121398881e-02
2.007573778044124957e-02
2.005036912534197135e-02
2.000000904421539438e-02
1.993050458767930966e-02
1.983261364346711186e-02
1.967446035498543466e-02
1.940427003208755607e-02
1.898832782645354378e-02
1.846680863426308772e-02
1.783268656404812802e-02
1.706842046395562473e-02
1.617028519689844845e-02
1.513182071501684156e-02
1.392652667599503236e-02
1.258132780485499147e-02
1.122028531268626228e-02
9.902529856542052755e-03
8.673423232343435707e-03
7.550695206479551835e-03
6.543587891217006458e-03
5.683694221344848252e-03
5.036274826338060784e-03
4.655462078044236840e-03
4.596425728259134758e-03
4.952341357793876853e-03
5.853447303793890555e-03
7.628781624406055784e-03
1.133090773808220764e-02
1.804742421334604163e-02
3.462183226186010820e-02
4.933466199315106326e-02
1.065366411077869335e-01
-3.304330247222464489e-02
