2.265065549515998811e-04
-1.254777812809138027e-05
1.553509705100042382e-04
2.520151606948406453e-04
2.821832331217910550e-04
2.903965303271416332e-04
2.820252850986859627e-04
2.725484037079395350e-04
2.704161053951326110e-04
2.712058455109911392e-04
2.779186364960661848e-04
2.750755720788422565e-04
2.824991291682232841e-04
2.709689234762224785e-04
2.725484037079395350e-04
2.651248466186695296e-04
2.622028081898930552e-04
2.705740534182377033e-04
2.624397302246617159e-04
2.583330816219309156e-04
2.655986906882068510e-04
2.632294703405202441e-04
2.646510025491322082e-04
2.679679110357824356e-04
2.608602499928336371e-04
2.618079381319082799e-04
2.686786771400884177e-04
2.621238341782294867e-04
2.548582251120645736e-04
2.588858997031318054e-04
2.559638612743553310e-04
2.538315629614373847e-04
2.619658861551243945e-04
2.527259267991466274e-04
2.505936284862286811e-04
2.569115494134299738e-04
2.619658861551243945e-04
2.648089505722373005e-04
2.660725347577441724e-04
2.575433415060723874e-04
2.542264330193111377e-04
2.553320691816018950e-04
2.554900172048180096e-04
2.602284579000802012e-04
2.601494838885276550e-04
2.588069256914682370e-04
2.638612624331626577e-04
2.701002093487003819e-04
2.600705098769751089e-04
2.629925483057515834e-04
2.714427675457597999e-04
2.693104692328418537e-04
2.651248466186695296e-04
2.730222477774768564e-04
2.561218092974604232e-04
2.549371991236171198e-04
2.566746273786613131e-04
2.600705098769751089e-04
2.469608239531462246e-04
2.366942024466522909e-04
2.412746951188093902e-04
2.396952148869813115e-04
2.363783064002200618e-04
2.464080058720563571e-04
2.464080058720563571e-04
2.446705776171231861e-04
2.420644352346679185e-04
2.401690589565186329e-04
2.376418905857269337e-04
2.306921775658832274e-04
2.285598792529652812e-04
2.242163086155768426e-04
2.245322046618980494e-04
2.254798928009726922e-04
2.294285933803763555e-04
2.415905911651305971e-04
2.502777324399074743e-04
2.493300443008328315e-04
2.551741211583857805e-04
2.463290318605038109e-04
2.425382793042052398e-04
2.464080058720563571e-04
2.540684849962060454e-04
2.422223832578840330e-04
2.415905911651305971e-04
2.515413166253033239e-04
2.564377053438926524e-04
2.447495516286757322e-04
2.486192781965268495e-04
2.496459403471540384e-04
2.417485391883467116e-04
2.436439154663849749e-04
2.528049008108101958e-04
2.553320691816018950e-04
2.415905911651305971e-04
2.329034498903537198e-04
2.368521504697573832e-04
2.335352419831071558e-04
2.398531629101974261e-04
2.374839425625108191e-04
2.313239696585256411e-04
2.275332171023380923e-04
2.353516442495928729e-04
2.415905911651305971e-04
2.363783064002200618e-04
2.302183334963459060e-04
2.280070611718754137e-04
2.308501255889883197e-04
2.357465143075776481e-04
2.359044623306827404e-04
2.243742566387929571e-04
2.258747628589574674e-04
2.392213708174439901e-04
2.312449956469730949e-04
2.256378408241888067e-04
2.344829301220707762e-04
2.316398657049578702e-04
2.280070611718754137e-04
2.275332171023380923e-04
2.265065549515998811e-04
2.289547493109500564e-04
2.230316984417335391e-04
2.234265684997183143e-04
2.311660216354205488e-04
2.191619718738824218e-04
2.188460758275612150e-04
2.324296058208163984e-04
2.254798928009726922e-04
2.222419583258750109e-04
2.325875538440325130e-04
2.347198521568394369e-04
2.269014250095846563e-04
2.279280871602118452e-04
2.336931900062122480e-04
2.265855289632634495e-04
2.267434769863685418e-04
2.366152284349887225e-04
2.411167470955932757e-04
2.396952148869813115e-04
2.438808375011536356e-04
2.385895787248015765e-04
2.283229572181966205e-04
2.323506318092638523e-04
2.450654476749969390e-04
2.442757075591384108e-04
2.455392917445342604e-04
2.430121233737425612e-04
2.457762137793029211e-04
2.460921098257351503e-04
2.425382793042052398e-04
2.389054747711227833e-04
2.423013572694365791e-04
2.464080058720563571e-04
2.456182657561978289e-04
2.358254883191301943e-04
2.336142159946597019e-04
2.291126973340551487e-04
2.152922453060313046e-04
2.140286611206354550e-04
2.119753368192700549e-04
2.092112464137096950e-04
2.104748305991055446e-04
2.204255560592782714e-04
2.281650091949805059e-04
2.250850227429879169e-04
2.302183334963459060e-04
2.363783064002200618e-04
2.341670340757495694e-04
2.311660216354205488e-04
2.351147222148242122e-04
2.340090860526444771e-04
2.339301120409809087e-04
2.291126973340551487e-04
2.376418905857269337e-04
2.381157346552642551e-04
2.377208645972794798e-04
2.377998386088320260e-04
2.347198521568394369e-04
2.281650091949805059e-04
2.324296058208163984e-04
2.380367606436006866e-04
2.404849550028398397e-04
2.396952148869813115e-04
2.450654476749969390e-04
2.412746951188093902e-04
2.340090860526444771e-04
2.278491131486592991e-04
2.370890725045260439e-04
2.370100984929734977e-04
2.377998386088320260e-04
2.251639967546514853e-04
2.246901526851141639e-04
2.246901526851141639e-04
2.251639967546514853e-04
2.336931900062122480e-04
2.426172533157577860e-04
2.332193459366749266e-04
2.317978137280629625e-04
2.272173210559058631e-04
2.201096600129570646e-04
2.268224509980321102e-04
2.251639967546514853e-04
2.182932577463603252e-04
2.229527244301809930e-04
2.243742566387929571e-04
2.237424645460395212e-04
2.341670340757495694e-04
2.349567741916080976e-04
2.305342295426671129e-04
2.371680465161896123e-04
2.423803312809891253e-04
2.291126973340551487e-04
2.245322046618980494e-04
2.289547493109500564e-04
2.295865414035924701e-04
2.306132035542196590e-04
2.299024374499136769e-04
2.248481007082192562e-04
2.180563357115916645e-04
2.281650091949805059e-04
2.316398657049578702e-04
2.277701391371067530e-04
2.239793865808081819e-04
2.291916713457187171e-04
2.320347357628316232e-04
2.355095922728089874e-04
2.343249820989656840e-04
2.349567741916080976e-04
2.377998386088320260e-04
2.319557617512790770e-04
2.319557617512790770e-04
2.431700713969586758e-04
2.377998386088320260e-04
2.322716577976002839e-04
2.289547493109500564e-04
2.376418905857269337e-04
2.412746951188093902e-04
2.441177595359222963e-04
2.291126973340551487e-04
2.313239696585256411e-04
2.339301120409809087e-04
2.272173210559058631e-04
2.292706453572712633e-04
2.399321369217499722e-04
2.257168148357413529e-04
2.242163086155768426e-04
2.248481007082192562e-04
2.122122588540387156e-04
2.230316984417335391e-04
2.324296058208163984e-04
2.336931900062122480e-04
2.323506318092638523e-04
2.317188397165104163e-04
2.260327108820625597e-04
2.280070611718754137e-04
2.350357482032716661e-04
2.326665278555850591e-04
2.315608916932943018e-04
2.243742566387929571e-04
2.323506318092638523e-04
2.335352419831071558e-04
2.240583605923607280e-04
2.159240373986737183e-04
2.178983876884865722e-04
2.180563357115916645e-04
2.269014250095846563e-04
2.277701391371067530e-04
2.190040238506663073e-04
2.167927515261958149e-04
2.191619718738824218e-04
2.196358159434197432e-04
2.280070611718754137e-04
2.226368283837487638e-04
2.238214385575920673e-04
2.214522182099054604e-04
2.215311922215690288e-04
2.124491808888073763e-04
2.101589345526733155e-04
2.146604532132778687e-04
2.232686204765021998e-04
2.145025051901727764e-04
2.145025051901727764e-04
2.084215062977401445e-04
2.025774294401871956e-04
1.975230926984927748e-04
1.995764169998581750e-04
2.108697006569792975e-04
2.155291673407999653e-04
2.127650769351285831e-04
2.112645707149640728e-04
2.107907266454267514e-04
2.086584283325088052e-04
2.009979492083591168e-04
2.028933254865084024e-04
2.027353774634033101e-04
2.109486746686428660e-04
2.204255560592782714e-04
2.128440509467921515e-04
2.107907266454267514e-04
2.030512735097245169e-04
2.002871831041641570e-04
2.003661571157167032e-04
2.066051040312544274e-04
2.030512735097245169e-04
1.994184689766420604e-04
1.976810407217088894e-04
1.973651446752766603e-04
2.032092215329406315e-04
1.998133390346268357e-04
2.039199876372466136e-04
2.109486746686428660e-04
2.125281549003599224e-04
2.156871153639050576e-04
2.223999063489801031e-04
2.130019989698972438e-04
2.137917390858667943e-04
2.171876215841805902e-04
2.160030114103372867e-04
2.090532983904935804e-04
2.039199876372466136e-04
2.059733119385009914e-04
2.073158701355604094e-04
2.100009865295682232e-04
2.115014927497327335e-04
2.066840780428069735e-04
2.051045978110899171e-04
2.092112464137096950e-04
2.057363899037323307e-04
2.003661571157167032e-04
1.935743921190891115e-04
1.929426000263356755e-04
2.047887017646576879e-04
2.090532983904935804e-04
2.073158701355604094e-04
2.158450633871211721e-04
2.262696329168312204e-04
2.246901526851141639e-04
2.239004125692556357e-04
2.133178950163294729e-04
2.085794543209562590e-04
2.043148576951203665e-04
2.023405074054185349e-04
2.066051040312544274e-04
2.126861029235760370e-04
2.098430385063521086e-04
2.129230249583446977e-04
2.160030114103372867e-04
2.117384147845013942e-04
2.117384147845013942e-04
2.133178950163294729e-04
2.096061164715834479e-04
2.137127650742032259e-04
2.239004125692556357e-04
2.139496871089718866e-04
2.082635582746350522e-04
2.079476622282028231e-04
2.096850904832470164e-04
2.090532983904935804e-04
2.131599469931133584e-04
2.169506995494119295e-04
2.106327786222106369e-04
2.085004803094037129e-04
2.175824916420543431e-04
2.205835040824943860e-04
2.165558294914271542e-04
2.107907266454267514e-04
2.141076351321880011e-04
2.196358159434197432e-04
2.220050362911063502e-04
2.246901526851141639e-04
2.276911651254431845e-04
2.266645029748159956e-04
2.292706453572712633e-04
2.213732441983529142e-04
2.256378408241888067e-04
2.169506995494119295e-04
2.178983876884865722e-04
2.189250498391137612e-04
2.144235311785092080e-04
2.115014927497327335e-04
2.201096600129570646e-04
2.194778679202036287e-04
2.191619718738824218e-04
2.267434769863685418e-04
2.272962950675694316e-04
2.193199198970985364e-04
2.290337233225026026e-04
2.325085798323689446e-04
2.276121911138906384e-04
2.262696329168312204e-04
2.229527244301809930e-04
2.144235311785092080e-04
2.166348035029797003e-04
2.194778679202036287e-04
2.182932577463603252e-04
2.215311922215690288e-04
2.160819854218898328e-04
2.028143514749558562e-04
2.024194814169710810e-04
2.130809729815608122e-04
2.141076351321880011e-04
2.183722317580238936e-04
2.123702068772548301e-04
2.060522859500535375e-04
2.068420260660230880e-04
2.166348035029797003e-04
2.186881278043451005e-04
2.230316984417335391e-04
2.186881278043451005e-04
2.257957888472938990e-04
2.224788803606436716e-04
2.141076351321880011e-04
2.081056102514189377e-04
2.128440509467921515e-04
2.111066226917479582e-04
2.238214385575920673e-04
2.172665955957331363e-04
2.130019989698972438e-04
2.069999740891281803e-04
2.043148576951203665e-04
2.076317661818816163e-04
2.174245436189492509e-04
2.208994001288155928e-04
2.193199198970985364e-04
2.102379085643368839e-04
2.025774294401871956e-04
2.092112464137096950e-04
2.129230249583446977e-04
2.065261300195908589e-04
2.022615333938659887e-04
2.057363899037323307e-04
2.088163763557249197e-04
2.042358836835678204e-04
1.970492486289554535e-04
2.002871831041641570e-04
2.081056102514189377e-04
2.071579221123442949e-04
1.967333525826342466e-04
1.880462113078573694e-04
1.848872508443122342e-04
1.929426000263356755e-04
1.961015604898808107e-04
2.029722994981719708e-04
2.057363899037323307e-04
2.081056102514189377e-04
2.088953503672774659e-04
1.995764169998581750e-04
2.049466497878738025e-04
2.011558972315752314e-04
1.964174565362020175e-04
2.012348712431277775e-04
2.083425322861875983e-04
2.141866091437405473e-04
2.118963628077175088e-04
2.108697006569792975e-04
2.131599469931133584e-04
2.068420260660230880e-04
2.058943379269484453e-04
2.103958565874419762e-04
2.057363899037323307e-04
2.126861029235760370e-04
2.128440509467921515e-04
2.107907266454267514e-04
2.213732441983529142e-04
2.254798928009726922e-04
2.156871153639050576e-04
2.115804667612852796e-04
2.149763492595990755e-04
2.170296735609644756e-04
2.163189074566584935e-04
2.130019989698972438e-04
2.144235311785092080e-04
2.125281549003599224e-04
2.068420260660230880e-04
2.082635582746350522e-04
2.075527921703290701e-04
2.025774294401871956e-04
2.144235311785092080e-04
2.153712193175838507e-04
2.096850904832470164e-04
2.054994678689636700e-04
2.105538046106580907e-04
2.094481684484783557e-04
2.001292350809480425e-04
1.983128328143513031e-04
2.058943379269484453e-04
2.017876893243286673e-04
1.989446249071047390e-04
1.912051717714025045e-04
1.972861706637241141e-04
2.025774294401871956e-04
2.069999740891281803e-04
2.047887017646576879e-04
2.043148576951203665e-04
1.994974429881946065e-04
1.927846520031195610e-04
1.914420938061711652e-04
1.986287288607835322e-04
1.986287288607835322e-04
2.002871831041641570e-04
2.028933254865084024e-04
1.995764169998581750e-04
1.997343650229632672e-04
2.085004803094037129e-04
2.095271424600309018e-04
2.086584283325088052e-04
2.025774294401871956e-04
1.987077028723360783e-04
1.984707808375674176e-04
2.004451311272692493e-04
2.080266362398663915e-04
2.256378408241888067e-04
2.193988939086510825e-04
2.071579221123442949e-04
2.088163763557249197e-04
2.101589345526733155e-04
2.050256237994263486e-04
2.081845842629714838e-04
2.082635582746350522e-04
2.000502610693954963e-04
2.002082090925005886e-04
2.038410136255830452e-04
2.079476622282028231e-04
2.115804667612852796e-04
2.111066226917479582e-04
2.043148576951203665e-04
1.996553910114107211e-04
1.935743921190891115e-04
1.983918068260148715e-04
2.065261300195908589e-04
2.030512735097245169e-04
1.990235989186572851e-04
1.945220802581637543e-04
1.946010542697163004e-04
2.013138452547913460e-04
2.068420260660230880e-04
2.082635582746350522e-04
2.088163763557249197e-04
2.120543108308226010e-04
2.092112464137096950e-04
2.088163763557249197e-04
2.185301797811289859e-04
2.171086475725170217e-04
2.125281549003599224e-04
2.118963628077175088e-04
2.144235311785092080e-04
2.207414521055994783e-04
2.149763492595990755e-04
2.047097277531051418e-04
2.052625458341950093e-04
2.125281549003599224e-04
2.073158701355604094e-04
2.036040915908143845e-04
2.014717932778964382e-04
2.011558972315752314e-04
1.961015604898808107e-04
2.040779356603517058e-04
2.126861029235760370e-04
2.145814792017253225e-04
2.137127650742032259e-04
2.081056102514189377e-04
2.062102339732696521e-04
1.981548847912462108e-04
1.931795220611043362e-04
1.976810407217088894e-04
2.051045978110899171e-04
2.063681819964857667e-04
2.142655831554041157e-04
2.084215062977401445e-04
2.044728057183364811e-04
1.998923130461793818e-04
2.022615333938659887e-04
2.072368961238968410e-04
2.120543108308226010e-04
2.192409458854349680e-04
2.210573481520317074e-04
2.166348035029797003e-04
2.112645707149640728e-04
2.077897142050977308e-04
2.013138452547913460e-04
1.992605209534259458e-04
1.950748983392536218e-04
1.900995356091117472e-04
2.027353774634033101e-04
2.053415198457475555e-04
2.060522859500535375e-04
2.081845842629714838e-04
2.128440509467921515e-04
2.005241051388217954e-04
1.932584960726568823e-04
1.991025729303208536e-04
2.142655831554041157e-04
2.158450633871211721e-04
2.144235311785092080e-04
2.125281549003599224e-04
2.098430385063521086e-04
2.030512735097245169e-04
2.000502610693954963e-04
1.966543785709706782e-04
1.974441186869402287e-04
1.998133390346268357e-04
1.963384825246494714e-04
2.106327786222106369e-04
2.199517119897409501e-04
2.201886340245096108e-04
2.217681142563376895e-04
2.183722317580238936e-04
2.180563357115916645e-04
2.179773617000391184e-04
2.212942701868003681e-04
2.208994001288155928e-04
2.139496871089718866e-04
2.157660893755686260e-04
2.237424645460395212e-04
2.259537368705100135e-04
2.286388532645178273e-04
2.201096600129570646e-04
2.183722317580238936e-04
2.126861029235760370e-04
2.083425322861875983e-04
2.115804667612852796e-04
2.213732441983529142e-04
2.178983876884865722e-04
2.160030114103372867e-04
2.182932577463603252e-04
2.185301797811289859e-04
2.175824916420543431e-04
2.108697006569792975e-04
2.117384147845013942e-04
2.116594407729488481e-04
2.141076351321880011e-04
2.180563357115916645e-04
2.245322046618980494e-04
2.214522182099054604e-04
2.144235311785092080e-04
2.126071289120234908e-04
2.098430385063521086e-04
2.131599469931133584e-04
2.141866091437405473e-04
2.191619718738824218e-04
2.274542430906745238e-04
2.254798928009726922e-04
2.165558294914271542e-04
2.134758430394345652e-04
2.136337910626506797e-04
2.096850904832470164e-04
2.068420260660230880e-04
2.057363899037323307e-04
2.095271424600309018e-04
2.172665955957331363e-04
2.167927515261958149e-04
2.169506995494119295e-04
2.160030114103372867e-04
2.151342972828151900e-04
2.167927515261958149e-04
2.177404396652704577e-04
2.204255560592782714e-04
2.204255560592782714e-04
2.194778679202036287e-04
2.167927515261958149e-04
2.177404396652704577e-04
2.223209323374275570e-04
2.259537368705100135e-04
2.333772939598910412e-04
2.324296058208163984e-04
2.291916713457187171e-04
2.261116848937261281e-04
2.221629843142114424e-04
2.198727379781884039e-04
2.212152961751367997e-04
2.213732441983529142e-04
2.186881278043451005e-04
2.205045300708308176e-04
2.197147899549722894e-04
2.148973752480465294e-04
2.166348035029797003e-04
2.191619718738824218e-04
2.202676080360621569e-04
2.248481007082192562e-04
2.303762815194509983e-04
2.250060487314353708e-04
2.242163086155768426e-04
2.270593730328007709e-04
2.327455018671376052e-04
2.281650091949805059e-04
2.250850227429879169e-04
2.241373346040242964e-04
2.262696329168312204e-04
2.248481007082192562e-04
2.208994001288155928e-04
2.223999063489801031e-04
2.243742566387929571e-04
2.255588668125252383e-04
2.257957888472938990e-04
2.264275809400473349e-04
2.315608916932943018e-04
2.333772939598910412e-04
2.338511380294283626e-04
2.333772939598910412e-04
2.299814114615772453e-04
2.300603854731297915e-04
2.275332171023380923e-04
2.244532306503455032e-04
2.250060487314353708e-04
2.266645029748159956e-04
2.278491131486592991e-04
2.255588668125252383e-04
2.223209323374275570e-04
2.237424645460395212e-04
2.308501255889883197e-04
2.295865414035924701e-04
2.332193459366749266e-04
2.332193459366749266e-04
2.265065549515998811e-04
2.253219447777565776e-04
2.301393594846823376e-04
2.287178272761813957e-04
2.221629843142114424e-04
2.215311922215690288e-04
2.249270747198828246e-04
2.244532306503455032e-04
2.215311922215690288e-04
2.202676080360621569e-04
2.178194136768230038e-04
2.194778679202036287e-04
2.243742566387929571e-04
2.272962950675694316e-04
2.291126973340551487e-04
2.225578543721962177e-04
2.193199198970985364e-04
2.221629843142114424e-04
2.254009187894201460e-04
2.205835040824943860e-04
2.178983876884865722e-04
2.216891402446741210e-04
2.306921775658832274e-04
2.332983199483384951e-04
2.344829301220707762e-04
2.284809052414127351e-04
2.234265684997183143e-04
2.235845165228234066e-04
2.215311922215690288e-04
2.210573481520317074e-04
2.188460758275612150e-04
2.182932577463603252e-04
2.201096600129570646e-04
2.256378408241888067e-04
2.317978137280629625e-04
2.278491131486592991e-04
2.268224509980321102e-04
2.259537368705100135e-04
2.257957888472938990e-04
2.291126973340551487e-04
2.237424645460395212e-04
2.232686204765021998e-04
2.248481007082192562e-04
2.223209323374275570e-04
2.221629843142114424e-04
2.252429707662040315e-04
2.292706453572712633e-04
2.254798928009726922e-04
2.237424645460395212e-04
2.256378408241888067e-04
2.291916713457187171e-04
2.250060487314353708e-04
2.209783741403681390e-04
2.182142837348077791e-04
2.190040238506663073e-04
2.195568419318671971e-04
2.191619718738824218e-04
2.238214385575920673e-04
2.257957888472938990e-04
2.201096600129570646e-04
2.188460758275612150e-04
2.182142837348077791e-04
2.155291673407999653e-04
2.172665955957331363e-04
2.188460758275612150e-04
2.192409458854349680e-04
2.226368283837487638e-04
2.246901526851141639e-04
2.234265684997183143e-04
2.269014250095846563e-04
2.259537368705100135e-04
2.268224509980321102e-04
2.284809052414127351e-04
2.293496193688238094e-04
2.259537368705100135e-04
2.246901526851141639e-04
2.208994001288155928e-04
2.207414521055994783e-04
2.190040238506663073e-04
2.179773617000391184e-04
2.204255560592782714e-04
2.205835040824943860e-04
2.172665955957331363e-04
2.185301797811289859e-04
2.226368283837487638e-04
2.169506995494119295e-04
2.199517119897409501e-04
2.246111786734505955e-04
2.213732441983529142e-04
2.204255560592782714e-04
2.237424645460395212e-04
2.237424645460395212e-04
2.226368283837487638e-04
2.272173210559058631e-04
2.228737504185174245e-04
2.202676080360621569e-04
2.191619718738824218e-04
2.174245436189492509e-04
2.196358159434197432e-04
2.250060487314353708e-04
2.295075673920399240e-04
2.280070611718754137e-04
2.327455018671376052e-04
2.324296058208163984e-04
2.283229572181966205e-04
2.238214385575920673e-04
2.202676080360621569e-04
2.215311922215690288e-04
2.289547493109500564e-04
2.299024374499136769e-04
2.259537368705100135e-04
2.249270747198828246e-04
2.262696329168312204e-04
2.201096600129570646e-04
2.184512057695764398e-04
2.175035176305017970e-04
2.187671018158976466e-04
2.197937639665248355e-04
2.182932577463603252e-04
2.152922453060313046e-04
2.139496871089718866e-04
2.163189074566584935e-04
2.201886340245096108e-04
2.254009187894201460e-04
2.251639967546514853e-04
2.240583605923607280e-04
2.234265684997183143e-04
2.246901526851141639e-04
2.247691266966667101e-04
2.229527244301809930e-04
2.236634905344869750e-04
2.230316984417335391e-04
2.273752690791219777e-04
2.249270747198828246e-04
2.234265684997183143e-04
2.251639967546514853e-04
2.286388532645178273e-04
2.250850227429879169e-04
2.216101662331215749e-04
2.273752690791219777e-04
2.239004125692556357e-04
2.212152961751367997e-04
2.212152961751367997e-04
2.212152961751367997e-04
2.212152961751367997e-04
2.196358159434197432e-04
2.213732441983529142e-04
2.246901526851141639e-04
2.196358159434197432e-04
2.183722317580238936e-04
2.194778679202036287e-04
2.231106724532860852e-04
2.280070611718754137e-04
2.243742566387929571e-04
2.171876215841805902e-04
2.152922453060313046e-04
2.199517119897409501e-04
2.160030114103372867e-04
2.175824916420543431e-04
2.239004125692556357e-04
2.291126973340551487e-04
2.272962950675694316e-04
2.231896464649496536e-04
2.198727379781884039e-04
2.163189074566584935e-04
2.172665955957331363e-04
2.175824916420543431e-04
2.174245436189492509e-04
2.180563357115916645e-04
2.190829978623298757e-04
2.185301797811289859e-04
2.180563357115916645e-04
2.198727379781884039e-04
2.231106724532860852e-04
2.196358159434197432e-04
2.186881278043451005e-04
2.178983876884865722e-04
2.197937639665248355e-04
2.228737504185174245e-04
2.243742566387929571e-04
2.205045300708308176e-04
2.216891402446741210e-04
2.207414521055994783e-04
2.208994001288155928e-04
2.212152961751367997e-04
2.218470882678902356e-04
2.211363221635842535e-04
2.213732441983529142e-04
2.245322046618980494e-04
2.258747628589574674e-04
2.229527244301809930e-04
2.224788803606436716e-04
2.252429707662040315e-04
2.264275809400473349e-04
2.247691266966667101e-04
2.207414521055994783e-04
2.204255560592782714e-04
2.224788803606436716e-04
2.308501255889883197e-04
2.319557617512790770e-04
2.354306182611454190e-04
2.355885662843615336e-04
2.346408781452868908e-04
2.287968012877339419e-04
2.253219447777565776e-04
2.239004125692556357e-04
2.240583605923607280e-04
2.196358159434197432e-04
2.152922453060313046e-04
2.152922453060313046e-04
2.178983876884865722e-04
2.216101662331215749e-04
2.269014250095846563e-04
2.291126973340551487e-04
2.286388532645178273e-04
2.281650091949805059e-04
2.290337233225026026e-04
2.300603854731297915e-04
2.307711515774357736e-04
2.347198521568394369e-04
2.302183334963459060e-04
2.286388532645178273e-04
2.340880600641970233e-04
2.343249820989656840e-04
2.276911651254431845e-04
2.253219447777565776e-04
2.250060487314353708e-04
2.224788803606436716e-04
2.301393594846823376e-04
2.348778001800555515e-04
2.374839425625108191e-04
2.344829301220707762e-04
2.348778001800555515e-04
2.300603854731297915e-04
2.224788803606436716e-04
2.100009865295682232e-04
1.953118203740222825e-04
1.822811084618569666e-04
1.740678112566174107e-04
1.913631197945075968e-04
2.185301797811289859e-04
2.376418905857269337e-04
2.477505640691157751e-04
2.477505640691157751e-04
2.513833686021982317e-04
2.575433415060723874e-04
2.365362544234361764e-04
2.085794543209562590e-04
2.196358159434197432e-04
2.316398657049578702e-04
2.306921775658832274e-04
2.339301120409809087e-04
2.341670340757495694e-04
2.059733119385009914e-04
2.036830656024779529e-04
2.155291673407999653e-04
2.223209323374275570e-04
2.211363221635842535e-04
2.203465820477257253e-04
2.096850904832470164e-04
1.918369638640449182e-04
2.057363899037323307e-04
2.310080736122044343e-04
2.655986906882068510e-04
2.614920420855870731e-04
2.404849550028398397e-04
2.364572804118836302e-04
2.455392917445342604e-04
2.449864736634443929e-04
2.371680465161896123e-04
2.370100984929734977e-04
2.432490454085112219e-04
2.434069934317273365e-04
2.387475267479066687e-04
2.366942024466522909e-04
2.430121233737425612e-04
2.434069934317273365e-04
2.382736826783693473e-04
2.444336555823545254e-04
2.461710838372876964e-04
2.494879923240489461e-04
2.512254205789821171e-04
2.494090183123853777e-04
2.395372668637651969e-04
2.065261300195908589e-04
1.992605209534259458e-04
1.997343650229632672e-04
2.091322724020461266e-04
2.202676080360621569e-04
2.229527244301809930e-04
2.274542430906745238e-04
2.171876215841805902e-04
2.060522859500535375e-04
2.103958565874419762e-04
2.130019989698972438e-04
1.998133390346268357e-04
1.944431062465001858e-04
1.885990293889472369e-04
1.553509705100042382e-04
1.515602179537056671e-04
1.734360191638639748e-04
1.757262654999980356e-04
1.874144192151039334e-04
1.782534338707897348e-04
1.653016959701769650e-04
1.664073321324677224e-04
1.796749660794016989e-04
1.916000418292762575e-04
1.679868123641847788e-04
1.617478654487580769e-04
1.796749660794016989e-04
2.558059132511392164e-04
7.043782990763247653e-04
2.945028955877893040e-03
1.102847680793187513e-01
9.122407309980484769e-05
5.421656792726770036e-04
4.688777965181634144e-04
3.314630163533394125e-04
2.727063517311556495e-04
2.491720962776167170e-04
2.281650091949805059e-04
1.928636260147831294e-04
1.982338588027987569e-04
1.967333525826342466e-04
1.900995356091117472e-04
1.801488101489390203e-04
1.807016282300288879e-04
1.924687559567983541e-04
1.834657186357002701e-04
2.261906589052786742e-04
1.607212032980198657e-04
1.639591377732285693e-04
1.540873863246083886e-04
1.549561004520194629e-04
1.528238021391015167e-04
1.487961275481453072e-04
1.514022699306005748e-04
1.472956213279807969e-04
1.393982201690624478e-04
1.321326111028975347e-04
1.354495195895477622e-04
1.341859354041519126e-04
1.381346359835555759e-04
1.443735828990933001e-04
1.553509705100042382e-04
1.645119558543184368e-04
4.707760062150345703e-05
-1.486200000958559642e-04
-4.791262385955841197e-04
2.608602499928336371e-04
9.981995335672398939e-01
9.997197512071349657e-01
9.997610447434445158e-01
9.998479679828874422e-01
9.998191474045332594e-01
9.999146788112394102e-01
9.999651333328932745e-01
9.999580898382346428e-01
9.999567867670434707e-01
9.999575394880914070e-01
9.999623939218662549e-01
9.999656861509743644e-01
9.999707651670947106e-01
9.999702197528271830e-01
9.999787662216438333e-01
9.999877717269027855e-01
9.999913724482436539e-01
1.000056915941986757e+00
9.999341779882882086e-01
9.999811996083758370e-01
9.998746167759230419e-01
1.000175386831121616e+00
1.000031565284266621e+00
1.000453752946407704e+00
1.056365468728337476e-03
5.826003732062323692e-04
2.310870476237569804e-04
5.679140404701854550e-05
1.176013929704566863e-04
1.462689591772425857e-04
1.610370993444520948e-04
1.806226542184763417e-04
2.026564034517397417e-04
2.171086475725170217e-04
2.281650091949805059e-04
2.285598792529652812e-04
2.281650091949805059e-04
2.282439832066440744e-04
2.292706453572712633e-04
2.270593730328007709e-04
2.227947764069648784e-04
2.223209323374275570e-04
2.253219447777565776e-04
2.322716577976002839e-04
2.367731764582048370e-04
2.407218770376085004e-04
2.394582928522126508e-04
2.404849550028398397e-04
2.401690589565186329e-04
2.373259945392947046e-04
2.385895787248015765e-04
2.323506318092638523e-04
2.287968012877339419e-04
2.291126973340551487e-04
2.324296058208163984e-04
2.377998386088320260e-04
2.377998386088320260e-04
2.393003448289965363e-04
2.362203583771149695e-04
2.328244758788011737e-04
2.315608916932943018e-04
2.303762815194509983e-04
2.307711515774357736e-04
2.321926837860477377e-04
2.351147222148242122e-04
2.299814114615772453e-04
2.242952826271293887e-04
2.208994001288155928e-04
2.190829978623298757e-04
2.198727379781884039e-04
2.290337233225026026e-04
2.316398657049578702e-04
2.284809052414127351e-04
2.273752690791219777e-04
2.306132035542196590e-04
2.360624103538988550e-04
2.340880600641970233e-04
2.298234634383611308e-04
2.244532306503455032e-04
2.231106724532860852e-04
2.263486069284947888e-04
2.259537368705100135e-04
2.257168148357413529e-04
2.233475944880547459e-04
2.244532306503455032e-04
2.265065549515998811e-04
2.262696329168312204e-04
2.289547493109500564e-04
2.199517119897409501e-04
2.156081413523525114e-04
2.180563357115916645e-04
2.204255560592782714e-04
2.242163086155768426e-04
2.254798928009726922e-04
2.223209323374275570e-04
2.233475944880547459e-04
2.287968012877339419e-04
2.327455018671376052e-04
2.305342295426671129e-04
2.336931900062122480e-04
2.375629165740633653e-04
2.396952148869813115e-04
2.401690589565186329e-04
2.410377730840407295e-04
2.409587990723771611e-04
2.314819176817417556e-04
2.091322724020461266e-04
1.951538723508061679e-04
1.916790158409398259e-04
2.227158023954123323e-04
1.908103017134177293e-04
2.923708806168434648e-04
2.957667631151572607e-04
2.881852580025601185e-04
2.647299765606847544e-04
2.498038883703701529e-04
2.401690589565186329e-04
2.448285256402282783e-04
2.231106724532860852e-04
2.046307537415525957e-04
1.923897819452458080e-04
1.897836395627905404e-04
1.959436124666646961e-04
2.134758430394345652e-04
2.216891402446741210e-04
2.103168825758894300e-04
1.891518474700371044e-04
1.717775649204833499e-04
1.740678112566174107e-04
1.716196168972672353e-04
1.665652801556838369e-04
1.721724349784681252e-04
1.845713547978800051e-04
2.468028759300411323e-04
2.237424645460395212e-04
1.539294383013922740e-04
1.506125298146310243e-04
1.485592055133766465e-04
1.514022699306005748e-04
1.607212032980198657e-04
1.741467852681699569e-04
1.602473592284825443e-04
1.602473592284825443e-04
1.562986586490788810e-04
1.480853614438393251e-04
1.789641999750957169e-04
1.525079060927803098e-04
1.310269749406067774e-04
1.458740891193688327e-04
1.499017637103250422e-04
2.138707130974193404e-04
1.569304507418323169e-04
1.663283581209151762e-04
1.717775649204833499e-04
1.594576191126240161e-04
1.425571806326075830e-04
1.585099309735493733e-04
1.668811762020050438e-04
2.133178950163294729e-04
-5.329836810796795277e-05
3.066651767144046303e-04
2.695473912676105144e-04
2.317978137280629625e-04
2.145814792017253225e-04
1.932584960726568823e-04
1.929426000263356755e-04
2.034461435677092922e-04
1.972071966521715680e-04
1.981548847912462108e-04
2.069999740891281803e-04
2.115804667612852796e-04
2.060522859500535375e-04
2.055784418805162161e-04
2.054994678689636700e-04
2.108697006569792975e-04
2.126071289120234908e-04
2.205835040824943860e-04
2.256378408241888067e-04
1.946010542697163004e-04
2.054204938574111239e-04
2.168717255377483610e-04
2.074738181586655017e-04
2.120543108308226010e-04
2.299814114615772453e-04
2.286388532645178273e-04
2.218470882678902356e-04
2.220050362911063502e-04
2.262696329168312204e-04
2.302183334963459060e-04
2.365362544234361764e-04
2.306132035542196590e-04
2.280860351834279598e-04
2.247691266966667101e-04
2.191619718738824218e-04
2.134758430394345652e-04
2.084215062977401445e-04
2.075527921703290701e-04
2.008400011852540246e-04
1.962595085130969252e-04
2.002082090925005886e-04
1.760421615463192424e-04
1.627745275993852658e-04
1.413725704587642795e-04
1.346597794736892340e-04
1.877303152614251402e-04
4.074360155018608154e-04
1.605708693340979210e-03
9.300541512510029918e-03
3.137575181856826489e-01
3.338793377660409512e-03
8.599647159658108109e-03
7.601816529476550510e-01
1.006329616843654184e+00
1.001838285830579212e+00
1.000748599950737061e+00
1.000383735081320502e+00
1.000038722304066985e+00
1.000058315262754682e+00
1.000028270587220769e+00
1.000071982702635198e+00
1.000170179482232413e+00
9.995946613086538202e-01
9.999741511778416081e-01
9.999630652009647847e-01
9.999875816956873553e-01
1.000015114010477602e+00
1.000018724603569886e+00
1.000082143202813745e+00
1.000205150161739276e+00
1.000217887189045918e+00
1.000052954901718083e+00
1.000227455384137487e+00
9.995915837901396817e-01
9.812787913624134717e-01
9.284013174177222494e-01
1.002253657048344904e+00
9.980638932343980363e-01
7.301528906771204142e-01
-4.496613182136899312e-03
-2.392034747303095621e-03
-2.647117971316115259e-04
2.655986906882068510e-04
2.927657506747172178e-04
3.170897462441146786e-04
2.798929867857680165e-04
2.552530951700493489e-04
2.244532306503455032e-04
2.149763492595990755e-04
1.840185367167901376e-04
1.591417230663028093e-04
1.586678789967654879e-04
1.792011220098643776e-04
1.912051717714025045e-04
2.030512735097245169e-04
2.175824916420543431e-04
2.178983876884865722e-04
2.256378408241888067e-04
2.246901526851141639e-04
2.251639967546514853e-04
2.280070611718754137e-04
2.267434769863685418e-04
2.309290996006518881e-04
2.267434769863685418e-04
2.294285933803763555e-04
2.242952826271293887e-04
2.254009187894201460e-04
2.231106724532860852e-04
2.205045300708308176e-04
2.243742566387929571e-04
2.295865414035924701e-04
2.340090860526444771e-04
2.321926837860477377e-04
2.321926837860477377e-04
2.360624103538988550e-04
2.303762815194509983e-04
2.265855289632634495e-04
2.250060487314353708e-04
2.204255560592782714e-04
2.226368283837487638e-04
2.257957888472938990e-04
2.319557617512790770e-04
2.338511380294283626e-04
2.327455018671376052e-04
2.357465143075776481e-04
2.340090860526444771e-04
2.299024374499136769e-04
2.283229572181966205e-04
2.262696329168312204e-04
2.276911651254431845e-04
2.270593730328007709e-04
2.269014250095846563e-04
2.349567741916080976e-04
2.393003448289965363e-04
2.432490454085112219e-04
2.436439154663849749e-04
2.414326431419144825e-04
2.329824239019062659e-04
2.273752690791219777e-04
2.245322046618980494e-04
2.245322046618980494e-04
2.243742566387929571e-04
2.232686204765021998e-04
2.223209323374275570e-04
2.216101662331215749e-04
2.205835040824943860e-04
2.208994001288155928e-04
2.237424645460395212e-04
2.288757752992864880e-04
2.269014250095846563e-04
2.264275809400473349e-04
2.291916713457187171e-04
2.316398657049578702e-04
2.272173210559058631e-04
2.232686204765021998e-04
2.224788803606436716e-04
2.267434769863685418e-04
2.299024374499136769e-04
2.263486069284947888e-04
2.272173210559058631e-04
2.292706453572712633e-04
2.145814792017253225e-04
1.935743921190891115e-04
1.785693299171109416e-04
1.757262654999980356e-04
2.109486746686428660e-04
1.943641322349476397e-04
2.776027404496339557e-04
2.667043268503865860e-04
2.703371313834690426e-04
2.343249820989656840e-04
1.981548847912462108e-04
1.852821209021859872e-04
1.938902881654103183e-04
2.057363899037323307e-04
2.085794543209562590e-04
2.128440509467921515e-04
2.226368283837487638e-04
2.282439832066440744e-04
2.313239696585256411e-04
2.331403719251223805e-04
2.257957888472938990e-04
1.984707808375674176e-04
1.976810407217088894e-04
2.065261300195908589e-04
2.109486746686428660e-04
2.117384147845013942e-04
2.197937639665248355e-04
2.371680465161896123e-04
2.332193459366749266e-04
2.283229572181966205e-04
2.393793188406601047e-04
2.469608239531462246e-04
2.411167470955932757e-04
2.415116171535780509e-04
2.468028759300411323e-04
2.510674725557660025e-04
2.450654476749969390e-04
2.389844487826753294e-04
2.415905911651305971e-04
2.526469527875940813e-04
2.557269392395866703e-04
2.427752013389739005e-04
2.370100984929734977e-04
2.475926160458996605e-04
2.554110431931544412e-04
2.539895109845424770e-04
2.683627810937672109e-04
2.533577188919000633e-04
2.499618363935862675e-04
2.565166793554451985e-04
2.569115494134299738e-04
2.524890047643779667e-04
2.430910973852951074e-04
2.338511380294283626e-04
2.366942024466522909e-04
2.397741888985338576e-04
2.306132035542196590e-04
2.335352419831071558e-04
2.406429030260559543e-04
2.323506318092638523e-04
2.270593730328007709e-04
2.219260622794427817e-04
2.054204938574111239e-04
1.903364576438804079e-04
1.995764169998581750e-04
1.822811084618569666e-04
1.916000418292762575e-04
1.844134067747749128e-04
1.803857321837076810e-04
1.615109434139894162e-04
1.504545817915259320e-04
1.456371670846001720e-04
1.434258947600186573e-04
1.433469207484661112e-04
1.450843490033992822e-04
1.536135422550710672e-04
1.513232959189370064e-04
1.394771941806149940e-04
1.341859354041519126e-04
1.315008190101440988e-04
1.290526246509049457e-04
1.284208325581515098e-04
1.283418585465989636e-04
1.248670020366215994e-04
1.325274811607712877e-04
1.472166473163172284e-04
1.411356484239956188e-04
1.351336235432265553e-04
1.288157026161362850e-04
1.254987941293750353e-04
1.229716257585833361e-04
1.207603534340018214e-04
1.183121590747626684e-04
1.138896144258216836e-04
1.128629522751944947e-04
1.118362901244562835e-04
1.078086155335000740e-04
1.008589025136563677e-04
1.103357839042917732e-04
1.086773296609111483e-04
1.258936641873598106e-04
1.155480686692023085e-04
1.256567421525911499e-04
1.109675759970452091e-04
9.833173414275364621e-05
8.593281432334176628e-05
9.540969571397717175e-05
9.059228100705141173e-05
8.885485275211824074e-05
9.343534542427534006e-05
1.024383827453734241e-04
1.067029793712093166e-04
9.351431943582788620e-05
1.423202585978389223e-04
3.069810727607258372e-04
9.691020193414168205e-05
9.998931337137026976e-01
1.000006056678523603e+00
9.998740787654690765e-01
9.999225540009575308e-01
9.999265890793621603e-01
9.999485216431430734e-01
9.999618312320336377e-01
9.999633564176324541e-01
9.999491608390493891e-01
9.999524629399089148e-01
9.999537586072866358e-01
9.999518558271948132e-01
9.999386375520051828e-01
9.999376133577924097e-01
9.999431637500443282e-01
9.999402269039884272e-01
9.999209325657820724e-01
9.998429901522194463e-01
9.999747632264314179e-01
9.999394988623190317e-01
9.999367619192298662e-01
1.000178298997798976e+00
9.990545481716455178e-01
1.022545326329314941e-01
4.452800785134103378e-03
3.827961238861421478e-04
2.760232602179168993e-04
1.724883310247893320e-04
1.829918745661629487e-04
2.069210000775756342e-04
2.030512735097245169e-04
2.044728057183364811e-04
2.199517119897409501e-04
2.194778679202036287e-04
2.199517119897409501e-04
2.103958565874419762e-04
2.179773617000391184e-04
2.261116848937261281e-04
2.268224509980321102e-04
2.367731764582048370e-04
2.408798250608246150e-04
2.370100984929734977e-04
2.356675402959140797e-04
2.371680465161896123e-04
2.330613979135698344e-04
2.294285933803763555e-04
2.363783064002200618e-04
2.375629165740633653e-04
2.316398657049578702e-04
2.266645029748159956e-04
2.378788126204955944e-04
2.340090860526444771e-04
2.235845165228234066e-04
2.193199198970985364e-04
2.260327108820625597e-04
2.223209323374275570e-04
2.243742566387929571e-04
2.283229572181966205e-04
2.408008510492720688e-04
2.352726702380403268e-04
2.327455018671376052e-04
2.259537368705100135e-04
2.285598792529652812e-04
2.261116848937261281e-04
2.178194136768230038e-04
2.139496871089718866e-04
2.148973752480465294e-04
2.195568419318671971e-04
2.246901526851141639e-04
2.156081413523525114e-04
2.039989616487991597e-04
2.073158701355604094e-04
2.028143514749558562e-04
2.017087153126650989e-04
2.028933254865084024e-04
2.057363899037323307e-04
2.171086475725170217e-04
2.201096600129570646e-04
2.210573481520317074e-04
2.141076351321880011e-04
2.184512057695764398e-04
2.117384147845013942e-04
2.082635582746350522e-04
2.096850904832470164e-04
2.139496871089718866e-04
2.140286611206354550e-04
2.261906589052786742e-04
2.295865414035924701e-04
2.240583605923607280e-04
2.224788803606436716e-04
2.312449956469730949e-04
2.232686204765021998e-04
2.160030114103372867e-04
2.062892079848221982e-04
2.047887017646576879e-04
2.081056102514189377e-04
2.085794543209562590e-04
2.061312599617171060e-04
2.032092215329406315e-04
2.066051040312544274e-04
1.967333525826342466e-04
1.894677435164693335e-04
1.868616011340140659e-04
1.915210678177237114e-04
1.998923130461793818e-04
2.007610271735904561e-04
2.025774294401871956e-04
2.039989616487991597e-04
2.041569096720152743e-04
2.016297413011125528e-04
1.927846520031195610e-04
1.917579898524923721e-04
1.931795220611043362e-04
2.005241051388217954e-04
2.118173887960539403e-04
2.126861029235760370e-04
2.171086475725170217e-04
2.122912328655912617e-04
2.075527921703290701e-04
2.081056102514189377e-04
2.130019989698972438e-04
2.041569096720152743e-04
2.042358836835678204e-04
2.104748305991055446e-04
2.160030114103372867e-04
2.170296735609644756e-04
2.159240373986737183e-04
2.179773617000391184e-04
2.227947764069648784e-04
2.298234634383611308e-04
2.300603854731297915e-04
2.220050362911063502e-04
2.054204938574111239e-04
1.627745275993852658e-04
-2.912948714239860237e-06
2.131599469931133584e-04
-1.317514345623882477e-03
9.989093939383449916e-01
3.242588504546879413e-01
-2.180108270546043947e-02
8.391789026395113371e-01
4.371299605174350233e-03
1.714645022932170804e-05
7.669285496736399921e-05
1.045706810582913704e-04
1.328433772072035168e-04
1.405038563312421829e-04
1.196547172718220864e-04
1.108096279738290946e-04
1.180752370399940077e-04
1.128629522751944947e-04
1.108096279738290946e-04
1.136526923910530229e-04
9.943737030504440355e-05
9.730507199212645730e-05
1.038599149539853883e-04
1.045706810582913704e-04
1.014906946062987814e-04
9.943737030504440355e-05
1.108886019853816407e-04
9.785789007321632482e-05
1.127050042519783801e-04
1.052814471625973525e-04
1.022804347222683319e-04
9.525174769076105719e-05
1.056763172205821277e-04
9.991121437458172494e-05
1.048865771046125772e-04
9.959531832814949581e-05
1.002271104209029318e-04
1.007799285019927993e-04
1.008589025136563677e-04
1.062291353016719953e-04
1.058342652436872200e-04
9.738404600367900343e-05
1.024383827453734241e-04
1.048076030930600311e-04
1.059132392553507884e-04
1.051234991393812379e-04
1.049655511162761456e-04
1.041758110003065951e-04
1.029912008265743140e-04
1.022804347222683319e-04
1.096250177999857911e-04
1.063870833248881098e-04
1.014906946062987814e-04
9.896352623550708216e-05
1.209972754687704821e-04
1.078086155335000740e-04
9.880557821229096760e-05
1.130209002982995870e-04
1.082034855913738269e-04
1.064660573364406559e-04
9.888455222395453603e-05
1.015696686179623498e-04
1.071768234407466380e-04
1.006219804788877070e-04
9.848968216596976077e-05
1.089142516956798090e-04
1.095460437884332450e-04
1.060711872784558807e-04
1.177593409936728008e-04
1.109675759970452091e-04
1.097039918115383372e-04
1.115993680896876228e-04
1.139685884373742297e-04
1.138896144258216836e-04
1.147583285532327579e-04
1.120732121592249442e-04
1.038599149539853883e-04
1.048076030930600311e-04
1.196547172718220864e-04
1.097039918115383372e-04
1.033070968728955208e-04
9.833173414275364621e-05
9.406713751702877602e-05
9.738404600367900343e-05
9.817378611964855395e-05
1.032281228613429747e-04
9.746302001534257187e-05
1.055973432089185593e-04
1.136526923910530229e-04
1.098619398347544518e-04
1.041758110003065951e-04
9.833173414275364621e-05
1.074927194870678449e-04
8.814408664781225866e-05
9.627840984149926840e-05
9.596251379506703927e-05
9.635738385305181453e-05
9.485687763288730423e-05
9.153996914612605451e-05
9.090817705337261856e-05
8.853895670579703392e-05
8.948664484487167670e-05
8.672255443920029450e-05
8.932869682165556213e-05
7.748259508333354972e-05
7.700875101379622834e-05
7.424466060812484614e-05
9.161894315767860064e-05
1.055973432089185593e-04
1.067029793712093166e-04
8.719639850873761588e-05
9.288252734318547255e-05
9.256663129675324342e-05
9.517277367920851106e-05
9.951634431659694968e-05
9.406713751702877602e-05
9.927942228182828899e-05
9.825276013120110008e-05
1.068609273944254312e-04
9.943737030504440355e-05
1.008589025136563677e-04
9.912147425872319673e-05
1.021224866990522173e-04
1.083614336145899415e-04
1.038599149539853883e-04
1.030701748381268601e-04
1.010958245484250284e-04
9.912147425872319673e-05
9.896352623550708216e-05
1.059132392553507884e-04
1.055183691973660132e-04
9.659430588782047522e-05
1.065450313479932021e-04
1.057552912321346739e-04
1.027542787918056533e-04
1.003060844324554779e-04
1.011747985599775745e-04
1.046496550698439165e-04
1.029912008265743140e-04
1.023594087338208780e-04
9.762096803844766413e-05
1.055973432089185593e-04
1.040968369887540490e-04
1.041758110003065951e-04
1.016486426295148959e-04
1.016486426295148959e-04
9.801583809643243939e-05
9.596251379506703927e-05
1.033070968728955208e-04
1.016486426295148959e-04
1.013327465831936891e-04
9.912147425872319673e-05
1.063870833248881098e-04
1.010168505367614600e-04
9.730507199212645730e-05
9.383021548226011532e-05
9.785789007321632482e-05
1.014906946062987814e-04
1.044917070467388243e-04
1.018065906527310105e-04
1.095460437884332450e-04
1.055973432089185593e-04
1.023594087338208780e-04
1.032281228613429747e-04
9.501482565599239649e-05
1.060711872784558807e-04
1.038599149539853883e-04
1.016486426295148959e-04
1.010958245484250284e-04
9.943737030504440355e-05
9.754199402689511800e-05
9.927942228182828899e-05
1.044917070467388243e-04
9.833173414275364621e-05
1.003850584441190463e-04
1.062291353016719953e-04
9.888455222395453603e-05
1.054393951858134670e-04
1.022804347222683319e-04
9.983224036291815651e-05
9.477790362122373580e-05
1.063870833248881098e-04
9.888455222395453603e-05
1.068609273944254312e-04
9.785789007321632482e-05
1.063870833248881098e-04
1.053604211741498986e-04
1.058342652436872200e-04
1.038599149539853883e-04
1.008589025136563677e-04
9.785789007321632482e-05
9.596251379506703927e-05
9.951634431659694968e-05
1.078086155335000740e-04
1.049655511162761456e-04
9.817378611964855395e-05
1.040178629772015029e-04
1.027542787918056533e-04
1.022804347222683319e-04
1.018065906527310105e-04
9.501482565599239649e-05
1.029122268149107455e-04
9.469892960967118967e-05
9.959531832814949581e-05
9.959531832814949581e-05
1.086773296609111483e-04
1.007009544904402532e-04
1.057552912321346739e-04
1.033860708844480669e-04
1.011747985599775745e-04
1.014117205947462352e-04
1.033860708844480669e-04
1.014117205947462352e-04
1.153901206459861939e-04
1.117573161129037373e-04
1.128629522751944947e-04
1.003850584441190463e-04
9.912147425872319673e-05
6.010831253377979522e-05
1.127050042519783801e-04
2.995575156714558318e-04
2.087374023441723736e-04
1.360813116823011981e-04
1.237613658744418643e-04
1.107306539622765484e-04
1.073347714639627526e-04
1.005430064672241386e-04
1.138106404141581152e-04
9.864763018918587534e-05
9.825276013120110008e-05
1.040178629772015029e-04
1.013327465831936891e-04
9.580456577196194701e-05
1.115993680896876228e-04
1.062291353016719953e-04
1.037019669308802960e-04
9.927942228182828899e-05
1.093880957652171304e-04
1.036229929192167276e-04
1.083614336145899415e-04
1.068609273944254312e-04
1.002271104209029318e-04
8.759126856672239114e-05
1.844134067747749128e-04
1.340279873809357980e-04
1.109675759970452091e-04
1.147583285532327579e-04
1.379766879604504837e-04
8.695947647396895519e-05
2.463290318605038109e-04
9.976675103305437942e-01
9.987717126208911500e-01
9.985569921551322725e-01
9.989690760796655633e-01
9.996204734707540007e-01
9.993868115819031228e-01
1.000034901936256437e+00
1.000353352298299470e+00
1.001334634007546409e+00
9.998146384820590926e-01
9.999051426993399438e-01
1.000038821021581370e+00
1.000011552776142620e+00
1.000046074290958265e+00
9.999919203304490356e-01
9.999995289828781386e-01
1.000010054737860088e+00
1.000029183724229664e+00
1.000023329775620695e+00
1.000069633225790566e+00
1.000017384513310681e+00
9.999994080539228447e-01
9.994400153863354230e-01
1.000847058331747697e+00
1.195757432601585180e-04
-2.754522627077538033e-04
2.352726702380403268e-04
2.142655831554041157e-04
1.814123943343348699e-04
1.572463467881535237e-04
1.409777004007795043e-04
1.142055104721428904e-04
1.059922132669033346e-04
1.046496550698439165e-04
1.007799285019927993e-04
9.375124147059654689e-05
9.564661774874583244e-05
9.548866972552971788e-05
9.469892960967118967e-05
9.359329344749145463e-05
9.264560530841681185e-05
1.033860708844480669e-04
1.042547850119701636e-04
9.430405955179743671e-05
1.177593409936728008e-04
1.202865093644645000e-04
1.152321726227700793e-04
3.440988582076309754e-04
3.483662882530769167e-05
9.998920626286705859e-01
9.999664808269659311e-01
9.999124132442819279e-01
9.998551225347498406e-01
9.998593970031270928e-01
9.999032473230619056e-01
9.999163496051720612e-01
9.999221122400802075e-01
9.999185732171858021e-01
9.999515078479562780e-01
9.999505231407492811e-01
9.999608736721431468e-01
9.999688426435000554e-01
9.999603578731299791e-01
9.999567596197269648e-01
9.999688623870029991e-01
9.999602246044854148e-01
9.999701654581941712e-01
9.999519298653307686e-01
9.999515226555835135e-01
9.999393433822337807e-01
9.999216951585814250e-01
9.999618534434744355e-01
9.999395778363306952e-01
9.999616930275133653e-01
9.999957283585704237e-01
1.000113732807449196e+00
9.999897263336896547e-01
9.996687463353377545e-01
2.036040915908143845e-04
2.077107401934341624e-04
1.762001095695353570e-04
6.152984474228073708e-05
1.100198878579705664e-04
1.370289998213758409e-04
1.471376733047646823e-04
1.461899851656900395e-04
1.762790835810879031e-04
1.941272102001789790e-04
2.095271424600309018e-04
2.174245436189492509e-04
2.183722317580238936e-04
2.298234634383611308e-04
2.359044623306827404e-04
2.327455018671376052e-04
2.231896464649496536e-04
2.215311922215690288e-04
2.338511380294283626e-04
2.410377730840407295e-04
2.471187719763623392e-04
2.416695651766831432e-04
2.432490454085112219e-04
2.370100984929734977e-04
2.409587990723771611e-04
2.387475267479066687e-04
2.358254883191301943e-04
2.332983199483384951e-04
2.311660216354205488e-04
2.298234634383611308e-04
2.295865414035924701e-04
2.283229572181966205e-04
2.258747628589574674e-04
2.235845165228234066e-04
2.245322046618980494e-04
2.347988261685030054e-04
2.359044623306827404e-04
2.319557617512790770e-04
2.374839425625108191e-04
2.375629165740633653e-04
2.332983199483384951e-04
2.322716577976002839e-04
2.335352419831071558e-04
2.362203583771149695e-04
2.376418905857269337e-04
2.293496193688238094e-04
2.250850227429879169e-04
2.329034498903537198e-04
2.377998386088320260e-04
2.348778001800555515e-04
2.327455018671376052e-04
2.330613979135698344e-04
2.312449956469730949e-04
2.307711515774357736e-04
2.284809052414127351e-04
2.255588668125252383e-04
2.212942701868003681e-04
2.226368283837487638e-04
2.285598792529652812e-04
2.315608916932943018e-04
2.302183334963459060e-04
2.306921775658832274e-04
2.337721640178758165e-04
2.329824239019062659e-04
2.317978137280629625e-04
2.286388532645178273e-04
2.265855289632634495e-04
2.289547493109500564e-04
2.355885662843615336e-04
2.393793188406601047e-04
2.425382793042052398e-04
2.416695651766831432e-04
2.440387855243697501e-04
2.420644352346679185e-04
2.337721640178758165e-04
2.296655154151450162e-04
2.284809052414127351e-04
2.291126973340551487e-04
2.294285933803763555e-04
2.297444894268085847e-04
2.220840103026588963e-04
2.139496871089718866e-04
1.931005480495517901e-04
1.929426000263356755e-04
2.040779356603517058e-04
2.120543108308226010e-04
2.528838748223627420e-04
2.603864059232963157e-04
2.581751335988258234e-04
2.572274454597511806e-04
2.584910296451470302e-04
2.385895787248015765e-04
2.326665278555850591e-04
2.313239696585256411e-04
2.126071289120234908e-04
2.087374023441723736e-04
2.167927515261958149e-04
2.300603854731297915e-04
2.346408781452868908e-04
2.341670340757495694e-04
2.374049685509582730e-04
2.370100984929734977e-04
2.359044623306827404e-04
2.163189074566584935e-04
2.158450633871211721e-04
2.180563357115916645e-04
2.062102339732696521e-04
2.046307537415525957e-04
2.251639967546514853e-04
2.422223832578840330e-04
2.595966658074377875e-04
2.573853934829672951e-04
2.295075673920399240e-04
2.336142159946597019e-04
2.400900849449660868e-04
2.564377053438926524e-04
2.488562002312955102e-04
2.176614656537179116e-04
1.987077028723360783e-04
2.071579221123442949e-04
2.235845165228234066e-04
2.060522859500535375e-04
1.864667310760292906e-04
1.784113818940058493e-04
1.893097954932532190e-04
2.114225187381801874e-04
2.224788803606436716e-04
2.217681142563376895e-04
2.236634905344869750e-04
2.265855289632634495e-04
2.242163086155768426e-04
2.169506995494119295e-04
2.329034498903537198e-04
2.425382793042052398e-04
2.508305505209973418e-04
2.451444216866605075e-04
2.245322046618980494e-04
2.099220125180156771e-04
2.240583605923607280e-04
2.330613979135698344e-04
2.330613979135698344e-04
2.339301120409809087e-04
2.488562002312955102e-04
2.529628488339152881e-04
2.706530274299012717e-04
2.676520149894612288e-04
2.625976782477668081e-04
2.546213030772959129e-04
2.422223832578840330e-04
2.464869798836089032e-04
2.523310567412728744e-04
2.486982522080793956e-04
2.524100307528254206e-04
2.528049008108101958e-04
2.425382793042052398e-04
2.434859674432798826e-04
2.470397979648097930e-04
2.404059809912872936e-04
2.393003448289965363e-04
2.379577866320481405e-04
2.439598115128172040e-04
2.419064872114518039e-04
2.400111109333025183e-04
2.378788126204955944e-04
2.393793188406601047e-04
2.474346680226835460e-04
2.506726024978922496e-04
2.500408104051388136e-04
2.445916036054596177e-04
2.379577866320481405e-04
2.382736826783693473e-04
2.461710838372876964e-04
2.480664601154369819e-04
2.396952148869813115e-04
2.396952148869813115e-04
2.417485391883467116e-04
2.392213708174439901e-04
2.398531629101974261e-04
2.456182657561978289e-04
2.488562002312955102e-04
2.376418905857269337e-04
2.385106047131380080e-04
2.396952148869813115e-04
2.366942024466522909e-04
2.381157346552642551e-04
2.483823561617581888e-04
2.387475267479066687e-04
2.387475267479066687e-04
2.404849550028398397e-04
2.406429030260559543e-04
2.376418905857269337e-04
2.276911651254431845e-04
2.079476622282028231e-04
1.833867446240367016e-04
1.605632552749147735e-04
1.574042948112586160e-04
1.458740891193688327e-04
1.341859354041519126e-04
1.322905591260026270e-04
1.437417908064508865e-04
1.386084800530928973e-04
1.360813116823011981e-04
1.324485071492187416e-04
1.156270426807548546e-04
1.138106404141581152e-04
1.326854291839874023e-04
1.324485071492187416e-04
1.264464822684496781e-04
1.242352099439791857e-04
1.299213387783160201e-04
1.269203263379869995e-04
1.357654156359799913e-04
1.482433094669444174e-04
1.099327331032684540e-03
3.608413486644312940e-04
3.055595405522248953e-04
2.441177595359222963e-04
1.277100664538455277e-04
1.894677435164693335e-04
2.131599469931133584e-04
1.761211355578717885e-04
1.617478654487580769e-04
1.389243760995251264e-04
1.367131037750546341e-04
1.362392597055173127e-04
1.339490133693832519e-04
1.375028438909131623e-04
1.306321048826220022e-04
1.272362223843082063e-04
1.277100664538455277e-04
1.198916393065907471e-04
1.294474947087786987e-04
1.264464822684496781e-04
1.329223512187560630e-04
1.315008190101440988e-04
1.284998065697040559e-04
1.253408461061589207e-04
1.248670020366215994e-04
1.229716257585833361e-04
1.209183014572179360e-04
1.213921455267552574e-04
1.264464822684496781e-04
1.376607919141292768e-04
1.179172890168889154e-04
1.294474947087786987e-04
1.229716257585833361e-04
1.250249500598377139e-04
1.283418585465989636e-04
1.418464145283016009e-04
1.506125298146310243e-04
1.762001095695353570e-04
1.978389887448139817e-04
2.199517119897409501e-04
2.292706453572712633e-04
2.394582928522126508e-04
2.484613301733107349e-04
2.555689912163705557e-04
2.523310567412728744e-04
2.456972397677503750e-04
2.414326431419144825e-04
2.385106047131380080e-04
2.389054747711227833e-04
2.423803312809891253e-04
2.468028759300411323e-04
2.483823561617581888e-04
2.497249143588176068e-04
2.468818499415936785e-04
2.503567064514600204e-04
2.529628488339152881e-04
2.517782386600719846e-04
2.451444216866605075e-04
2.414326431419144825e-04
2.403270069797347475e-04
2.395372668637651969e-04
2.404849550028398397e-04
2.400111109333025183e-04
2.392213708174439901e-04
2.400111109333025183e-04
2.411167470955932757e-04
2.453813437214291682e-04
2.461710838372876964e-04
2.477505640691157751e-04
2.507515765094447957e-04
2.530418228455788565e-04
2.512254205789821171e-04
2.447495516286757322e-04
2.432490454085112219e-04
2.412746951188093902e-04
2.434069934317273365e-04
2.433280194200637681e-04
2.487772262197429640e-04
2.466449279068250178e-04
2.442757075591384108e-04
2.485403041849743033e-04
2.592807697610055584e-04
2.618079381319082799e-04
2.516202906369668924e-04
2.291126973340551487e-04
2.051045978110899171e-04
1.885200553773946908e-04
2.069210000775756342e-04
1.848872508443122342e-04
2.966354772425683350e-04
2.824201551565597157e-04
2.637033144100575655e-04
2.517782386600719846e-04
2.270593730328007709e-04
2.078686882166502770e-04
2.044728057183364811e-04
2.107117526338742053e-04
2.171086475725170217e-04
2.235845165228234066e-04
2.272173210559058631e-04
2.338511380294283626e-04
2.354306182611454190e-04
2.270593730328007709e-04
2.239004125692556357e-04
2.250850227429879169e-04
2.119753368192700549e-04
2.077897142050977308e-04
2.175824916420543431e-04
3.060333846217622167e-04
5.626989222857758932e-04
8.915467065421234238e-04
7.853255567053668562e-01
1.000785974401721568e+00
9.997908500290058065e-01
1.000000074397145555e+00
9.999832702082421809e-01
9.991502276546233574e-01
2.485790028371398508e-01
3.814469360921035612e-02
4.119672326107681748e-02
1.581940349272281665e-04
6.629959170036947569e-04
5.209216701552721318e-04
2.918180625356425750e-04
2.126071289120234908e-04
1.470586992932121362e-04
1.108096279738290946e-04
1.010168505367614600e-04
1.109675759970452091e-04
1.030701748381268601e-04
1.046496550698439165e-04
9.438303356334998284e-05
1.025963307685895387e-04
9.548866972552971788e-05
1.082034855913738269e-04
1.058342652436872200e-04
1.049655511162761456e-04
1.008589025136563677e-04
9.533072170242462562e-05
1.026753047801420848e-04
9.951634431659694968e-05
1.025963307685895387e-04
1.157849907039709692e-04
1.064660573364406559e-04
1.157060166923074007e-04
1.328433772072035168e-04
1.366341297633910656e-04
1.281049365118303029e-04
1.093880957652171304e-04
1.168906268661507042e-04
1.206024054108967292e-04
1.300792868015321346e-04
1.359233636590850836e-04
1.213131715152027112e-04
1.319746630796814202e-04
1.336331173230620450e-04
1.255777681409275814e-04
1.102568098927392271e-04
1.120732121592249442e-04
1.176013929704566863e-04
1.356074676127638767e-04
1.262095602336810174e-04
1.266834043032183388e-04
1.240772619207630711e-04
1.267623783147708849e-04
1.198126652949271786e-04
1.194967692486059718e-04
1.108886019853816407e-04
1.162588347735082905e-04
1.319746630796814202e-04
1.264464822684496781e-04
1.333172212766298159e-04
1.319746630796814202e-04
1.209183014572179360e-04
1.283418585465989636e-04
1.390033501110776726e-04
1.385295060415403512e-04
1.242352099439791857e-04
1.311849229638228920e-04
1.135737183795004768e-04
1.174434449473515940e-04
1.287367286044727166e-04
1.225767557005985608e-04
1.179172890168889154e-04
1.188649771558525359e-04
1.112834720433664160e-04
1.161008867502921760e-04
1.069399014059779773e-04
1.199706133181432932e-04
1.087563036725747168e-04
1.027542787918056533e-04
1.000691623976868172e-04
1.044127330350752558e-04
1.127050042519783801e-04
1.122311601824410587e-04
1.123891082056571733e-04
1.062291353016719953e-04
7.219133630687046832e-05
1.723303830015732174e-04
1.051263325591023090e-05
9.998892442436320138e-01
9.999358018914015211e-01
9.999257820636812122e-01
9.999842154284434015e-01
1.000023332243558549e+00
1.000011264027412583e+00
9.999883887113683034e-01
9.999524530681574985e-01
9.999358241028423189e-01
9.999579491657765162e-01
9.999632626359937770e-01
9.999999559361282264e-01
1.000010099160741683e+00
9.999230722679085526e-01
9.999500122776118216e-01
9.999387905641525798e-01
9.999167321355406646e-01
9.999816882600726098e-01
9.999930457101142700e-01
9.999296172391189952e-01
1.000159836354652221e+00
1.000176462852029546e+00
9.997036577843357863e-01
1.139685884373742297e-04
4.363405037434153755e-04
1.635642677152437940e-04
2.535974743456126390e-05
1.216290675615239181e-04
1.621427355066318299e-04
1.910472237481863900e-04
2.146604532132778687e-04
2.396952148869813115e-04
2.493300443008328315e-04
2.518572126717355530e-04
2.531997708686839488e-04
2.554110431931544412e-04
2.517782386600719846e-04
2.423803312809891253e-04
2.357465143075776481e-04
2.312449956469730949e-04
2.251639967546514853e-04
2.173455696072856824e-04
2.141866091437405473e-04
2.232686204765021998e-04
2.240583605923607280e-04
2.229527244301809930e-04
2.256378408241888067e-04
2.329034498903537198e-04
2.323506318092638523e-04
2.342460080873021155e-04
2.292706453572712633e-04
2.280070611718754137e-04
2.303762815194509983e-04
2.307711515774357736e-04
2.272173210559058631e-04
2.237424645460395212e-04
2.286388532645178273e-04
2.262696329168312204e-04
2.260327108820625597e-04
2.332193459366749266e-04
2.324296058208163984e-04
2.239004125692556357e-04
2.213732441983529142e-04
2.284809052414127351e-04
2.327455018671376052e-04
2.256378408241888067e-04
2.207414521055994783e-04
2.203465820477257253e-04
2.202676080360621569e-04
2.210573481520317074e-04
2.219260622794427817e-04
2.190040238506663073e-04
2.200306860012934962e-04
2.208994001288155928e-04
2.249270747198828246e-04
2.257957888472938990e-04
2.273752690791219777e-04
2.245322046618980494e-04
2.224788803606436716e-04
2.247691266966667101e-04
2.229527244301809930e-04
2.242163086155768426e-04
2.216891402446741210e-04
2.235055425112708605e-04
2.258747628589574674e-04
2.253219447777565776e-04
2.241373346040242964e-04
2.262696329168312204e-04
2.276121911138906384e-04
2.228737504185174245e-04
2.227947764069648784e-04
2.234265684997183143e-04
2.272173210559058631e-04
2.281650091949805059e-04
2.278491131486592991e-04
2.283229572181966205e-04
2.278491131486592991e-04
2.257957888472938990e-04
2.264275809400473349e-04
2.357465143075776481e-04
2.359834363423463088e-04
2.340090860526444771e-04
2.354306182611454190e-04
2.337721640178758165e-04
2.314819176817417556e-04
2.288757752992864880e-04
2.289547493109500564e-04
2.280070611718754137e-04
2.288757752992864880e-04
2.291916713457187171e-04
2.371680465161896123e-04
2.382736826783693473e-04
2.336142159946597019e-04
2.323506318092638523e-04
2.278491131486592991e-04
2.284809052414127351e-04
2.294285933803763555e-04
2.381157346552642551e-04
2.360624103538988550e-04
2.335352419831071558e-04
2.366942024466522909e-04
2.403270069797347475e-04
2.389054747711227833e-04
2.336142159946597019e-04
2.295865414035924701e-04
2.273752690791219777e-04
2.287968012877339419e-04
2.322716577976002839e-04
2.367731764582048370e-04
2.423803312809891253e-04
2.244532306503455032e-04
2.059733119385009914e-04
1.889938994469320122e-04
1.350546495316740092e-04
-1.476723119567813214e-04
-1.537851837956960566e-03
-1.823161532966321996e-02
9.574616176822347002e-01
-1.450925426742988300e-02
-2.052288549447389698e-03
-1.505943503855577958e-04
1.352915715664426699e-04
1.942061842117315251e-04
2.142655831554041157e-04
2.038410136255830452e-04
1.866246790992454052e-04
1.758842135231031278e-04
1.738308892218487500e-04
1.644329818427658907e-04
1.607212032980198657e-04
1.580360869040120519e-04
1.566145546954000878e-04
1.566145546954000878e-04
1.785693299171109416e-04
2.108697006569792975e-04
2.366942024466522909e-04
2.354306182611454190e-04
1.682237343989534395e-04
2.633874183636253363e-04
2.693894432443943998e-04
-2.098248590772788802e-04
8.175480576833038526e-04
6.783168752519941336e-04
5.167360475409887854e-04
4.671403682631192211e-04
1.968913006057393389e-04
5.947623709908755885e-04
3.577613622124387049e-04
2.660725347577441724e-04
2.235845165228234066e-04
2.017087153126650989e-04
1.870985231687827266e-04
1.773847197432676381e-04
1.677498903294161181e-04
1.496648416755563815e-04
1.338700393578307057e-04
1.264464822684496781e-04
1.251828980830538285e-04
1.140475624489267759e-04
1.228136777353672215e-04
1.179172890168889154e-04
1.144424325069115511e-04
1.102568098927392271e-04
1.070188754175305235e-04
1.119152641361198519e-04
1.026753047801420848e-04
8.135232165118466696e-05
2.899255196764372045e-05
1.117573161129037373e-04
1.073347714639627526e-04
1.022804347222683319e-04
1.029912008265743140e-04
1.064660573364406559e-04
1.070188754175305235e-04
1.078875895450526201e-04
1.073347714639627526e-04
1.082824596030373954e-04
1.095460437884332450e-04
1.101778358810756586e-04
1.097829658232019057e-04
1.039388889656489567e-04
1.150742245996649871e-04
1.119942381476723980e-04
1.068609273944254312e-04
1.048076030930600311e-04
1.040968369887540490e-04
1.025963307685895387e-04
9.975326635136561038e-05
1.078086155335000740e-04
1.095460437884332450e-04
1.101778358810756586e-04
1.104937319275078877e-04
1.111255240201503014e-04
1.076506675102839594e-04
1.149162765764488725e-04
1.127050042519783801e-04
1.127050042519783801e-04
1.059132392553507884e-04
1.161798607618447221e-04
1.160219127387396298e-04
1.134157703562843622e-04
1.065450313479932021e-04
1.134157703562843622e-04
1.142055104721428904e-04
1.117573161129037373e-04
1.081245115798212808e-04
1.134947443678369083e-04
1.141265364605903443e-04
1.092301477420010158e-04
1.084404076261424876e-04
1.134947443678369083e-04
1.179962630284414615e-04
9.864763018918587534e-05
9.138202112290993995e-05
9.414611152858132215e-05
1.117573161129037373e-04
1.292105726740100380e-04
1.068609273944254312e-04
1.313428709869279842e-04
1.089142516956798090e-04
7.511337473564694278e-05
9.398816350536520758e-05
9.738404600367900343e-05
8.364256798720770547e-05
9.343534542427534006e-05
9.706814995735779661e-05
1.040968369887540490e-04
1.043337590235227097e-04
1.052814471625973525e-04
1.064660573364406559e-04
1.048076030930600311e-04
9.572559176029837857e-05
1.000691623976868172e-04
1.055973432089185593e-04
1.098619398347544518e-04
9.706814995735779661e-05
1.090721997188959236e-04
9.983224036291815651e-05
1.048076030930600311e-04
1.056763172205821277e-04
9.959531832814949581e-05
1.074927194870678449e-04
1.062291353016719953e-04
9.896352623550708216e-05
1.074927194870678449e-04
1.059922132669033346e-04
1.070978494291940919e-04
1.063870833248881098e-04
1.062291353016719953e-04
1.024383827453734241e-04
1.063081093132245414e-04
9.564661774874583244e-05
1.058342652436872200e-04
9.754199402689511800e-05
9.912147425872319673e-05
1.060711872784558807e-04
1.046496550698439165e-04
1.044917070467388243e-04
1.127050042519783801e-04
1.110465500085977553e-04
1.089142516956798090e-04
1.104937319275078877e-04
1.103357839042917732e-04
1.122311601824410587e-04
1.120732121592249442e-04
1.108096279738290946e-04
1.127050042519783801e-04
1.051234991393812379e-04
1.095460437884332450e-04
1.106516799506129800e-04
1.044127330350752558e-04
1.059922132669033346e-04
1.060711872784558807e-04
1.141265364605903443e-04
1.119942381476723980e-04
1.101778358810756586e-04
1.008589025136563677e-04
1.111255240201503014e-04
1.047286290815074850e-04
1.032281228613429747e-04
1.045706810582913704e-04
1.138106404141581152e-04
1.112044980318138698e-04
1.061501612901194491e-04
1.102568098927392271e-04
1.100198878579705664e-04
1.106516799506129800e-04
1.100198878579705664e-04
1.060711872784558807e-04
1.101778358810756586e-04
1.034650448961116354e-04
1.111255240201503014e-04
9.991121437458172494e-05
1.092301477420010158e-04
1.046496550698439165e-04
1.110465500085977553e-04
1.270782743612031140e-04
1.539294383013922740e-04
1.595365931241765622e-04
1.610370993444520948e-04
1.516391919653692355e-04
1.458740891193688327e-04
1.564566066722949955e-04
1.451633230150628506e-04
2.081056102514189377e-04
2.109486746686428660e-04
2.117384147845013942e-04
2.051045978110899171e-04
1.939692621769628644e-04
1.919159378757084866e-04
1.954697683972383970e-04
1.872564711918878189e-04
1.695662925960128575e-04
1.542453343477134808e-04
1.524289320812277637e-04
1.482433094669444174e-04
1.378187399372343691e-04
1.284208325581515098e-04
1.223398336658299002e-04
1.185490811095313290e-04
1.153901206459861939e-04
1.121521861708885126e-04
1.106516799506129800e-04
1.048076030930600311e-04
9.833173414275364621e-05
9.675225391103658978e-05
1.078875895450526201e-04
1.041758110003065951e-04
1.268413523264344533e-04
9.359329344749145463e-05
8.530102223058833033e-05
9.485687763288730423e-05
1.063870833248881098e-04
1.019645386758361028e-04
1.014117205947462352e-04
1.095460437884332450e-04
1.049655511162761456e-04
1.123891082056571733e-04
1.086773296609111483e-04
1.037019669308802960e-04
1.033860708844480669e-04
1.093091217536645843e-04
1.133367963447318161e-04
1.104147579158443193e-04
1.063870833248881098e-04
1.190229251790686504e-04
1.210762494804340506e-04
1.341859354041519126e-04
9.075022903026752630e-05
8.885485275211824074e-05
9.122407309980484769e-05
1.012537725715301207e-04
9.848968216596976077e-05
1.123101341939936049e-04
1.078086155335000740e-04
1.448474269686306215e-04
7.732464706011743516e-05
8.024668548889390962e-05
8.206308775549064904e-05
8.790716461304359797e-05
1.035440189076641815e-04
1.108886019853816407e-04
1.084404076261424876e-04
1.020435126874996712e-04
1.116783421013511912e-04
1.179172890168889154e-04
1.155480686692023085e-04
1.053604211741498986e-04
1.127050042519783801e-04
1.183911330864262368e-04
1.095460437884332450e-04
1.223398336658299002e-04
1.567725027186162023e-04
1.131788483215157015e-04
-1.291923932449368095e-04
1.169696008778142726e-04
1.218659895962925788e-04
1.115993680896876228e-04
9.248765728520069729e-05
1.259726381989123567e-04
1.177593409936728008e-04
1.154690946575387400e-04
1.177593409936728008e-04
1.149162765764488725e-04
1.149952505880014186e-04
1.121521861708885126e-04
1.104937319275078877e-04
1.273941704075243209e-04
1.142055104721428904e-04
1.122311601824410587e-04
1.152321726227700793e-04
1.149952505880014186e-04
1.160219127387396298e-04
1.187070291327474436e-04
1.258936641873598106e-04
1.460320371424739250e-04
2.142655831554041157e-04
3.677910616842750002e-04
2.484957670623444415e-02
-2.218260754194290030e-05
2.362993323886675157e-04
2.038410136255830452e-04
1.756472914883344671e-04
1.528238021391015167e-04
1.349756755200104408e-04
1.390823241226302187e-04
1.239193138975469566e-04
1.179172890168889154e-04
1.172065229125829333e-04
1.245511059903003925e-04
1.238403398859944105e-04
1.067819533827618628e-04
2.171086475725170217e-04
-8.283464844227594881e-05
1.141265364605903443e-04
9.998959644384306511e-01
9.998968356204960273e-01
9.999328206224640248e-01
9.997957044627806544e-01
9.998846834944626893e-01
9.999003894510174462e-01
9.999149354767770115e-01
9.999348690108896820e-01
9.999473987314158041e-01
9.999572532072993347e-01
9.999652838771028174e-01
9.999708194617276114e-01
9.999724334930895076e-01
9.999759774518595101e-01
9.999836453347972220e-01
1.000007455999291306e+00
1.000044768751829238e+00
9.999988502999660467e-01
9.998558234291027302e-01
9.999051328275885275e-01
9.999629294643823663e-01
9.999538647286146942e-01
1.000154596922570915e+00
9.998596832839190540e-01
9.997970223415990620e-01
1.656175920166091942e-04
3.925889013232097824e-04
7.116467415613225711e-05
1.319774964991804467e-05
1.029122268149107455e-04
1.378977139487869152e-04
1.579571128924595058e-04
1.869405751455666120e-04
2.120543108308226010e-04
2.184512057695764398e-04
2.235845165228234066e-04
2.297444894268085847e-04
2.382736826783693473e-04
2.412746951188093902e-04
2.370100984929734977e-04
2.340090860526444771e-04
2.283229572181966205e-04
2.281650091949805059e-04
2.275332171023380923e-04
2.302183334963459060e-04
2.330613979135698344e-04
2.352726702380403268e-04
2.343249820989656840e-04
2.355885662843615336e-04
2.362993323886675157e-04
2.408008510492720688e-04
2.385895787248015765e-04
2.364572804118836302e-04
2.329034498903537198e-04
2.325875538440325130e-04
2.366942024466522909e-04
2.307711515774357736e-04
2.298234634383611308e-04
2.354306182611454190e-04
2.438808375011536356e-04
2.458551877909664896e-04
2.475926160458996605e-04
2.452233956982130536e-04
2.423803312809891253e-04
2.454603177329817143e-04
2.414326431419144825e-04
2.370100984929734977e-04
2.333772939598910412e-04
2.311660216354205488e-04
2.288757752992864880e-04
2.280070611718754137e-04
2.264275809400473349e-04
2.218470882678902356e-04
2.172665955957331363e-04
2.206624780940469321e-04
2.183722317580238936e-04
2.164768554798746081e-04
2.147394272249414371e-04
2.220050362911063502e-04
2.201096600129570646e-04
2.190040238506663073e-04
2.203465820477257253e-04
2.185301797811289859e-04
2.182142837348077791e-04
2.215311922215690288e-04
2.242952826271293887e-04
2.253219447777565776e-04
2.278491131486592991e-04
2.285598792529652812e-04
2.297444894268085847e-04
2.284809052414127351e-04
2.278491131486592991e-04
2.278491131486592991e-04
2.278491131486592991e-04
2.284809052414127351e-04
2.336142159946597019e-04
2.367731764582048370e-04
2.317188397165104163e-04
2.310080736122044343e-04
2.385895787248015765e-04
2.426962273274213544e-04
2.430910973852951074e-04
2.414326431419144825e-04
2.308501255889883197e-04
2.180563357115916645e-04
2.022615333938659887e-04
1.907313277018651831e-04
1.949959243277010756e-04
2.203465820477257253e-04
2.368521504697573832e-04
2.769709483569915420e-04
2.637033144100575655e-04
2.547002770888484591e-04
2.139496871089718866e-04
2.141866091437405473e-04
2.174245436189492509e-04
1.975230926984927748e-04
1.899415875860066549e-04
1.787272779403270562e-04
1.747785773609233928e-04
1.807806022416924563e-04
1.852031468906334410e-04
1.833077706124841555e-04
1.784113818940058493e-04
1.769898496853938852e-04
1.743047332913860714e-04
1.701980846887662935e-04
1.659334880629304010e-04
1.757262654999980356e-04
2.011558972315752314e-04
2.336931900062122480e-04
1.989446249071047390e-04
1.792011220098643776e-04
1.874144192151039334e-04
1.849662248558647804e-04
2.090532983904935804e-04
2.178983876884865722e-04
2.158450633871211721e-04
2.310080736122044343e-04
2.226368283837487638e-04
2.126071289120234908e-04
1.953118203740222825e-04
1.875723672383200480e-04
2.043938317067839350e-04
2.208204261172630467e-04
2.058943379269484453e-04
2.115014927497327335e-04
2.185301797811289859e-04
2.196358159434197432e-04
1.972071966521715680e-04
1.879672372961938009e-04
1.961015604898808107e-04
2.091322724020461266e-04
2.257957888472938990e-04
2.060522859500535375e-04
2.067630520543595196e-04
1.853610949138495556e-04
1.864667310760292906e-04
2.057363899037323307e-04
2.066840780428069735e-04
1.942061842117315251e-04
1.928636260147831294e-04
2.728642997543717641e-04
1.372419463107288351e-03
7.799482474238894625e-03
3.827891755596500856e-01
-2.829547938086873771e-04
8.024640214697731366e-04
5.521164047328497304e-04
9.997606893603924183e-01
9.999938231105407471e-01
9.999039309418497057e-01
9.998471264160764260e-01
9.999276256132642038e-01
1.000033890081732935e+00
1.000021402316150443e+00
1.000092533221213387e+00
1.000162911405228394e+00
9.999777395594930951e-01
9.996659156106099120e-01
1.000118656343484291e+00
1.000259459602333756e+00
9.999656540677821503e-01
9.996798841389097356e-01
9.993282967751914159e-01
8.593907214254703497e-01
1.452420136846876986e-03
-3.110667085148843825e-05
2.488562002312955102e-04
2.039989616487991597e-04
1.922318339220296934e-04
1.765160056158565638e-04
1.611160733560046410e-04
1.368710517981597263e-04
1.356074676127638767e-04
1.324485071492187416e-04
1.210762494804340506e-04
1.179172890168889154e-04
1.156270426807548546e-04
1.131788483215157015e-04
1.065450313479932021e-04
1.074927194870678449e-04
1.016486426295148959e-04
9.225073525043203659e-05
1.167326788430456119e-04
1.228136777353672215e-04
8.885485275211824074e-05
9.209278722721592203e-05
8.893382676367078687e-05
9.438303356334998284e-05
1.025173567570369926e-04
1.108096279738290946e-04
1.112834720433664160e-04
1.095460437884332450e-04
1.183121590747626684e-04
2.058943379269484453e-04
3.235656151944210634e-04
1.757262654999980356e-04
9.998925216651128878e-01
9.999290520813485239e-01
9.999876853490776707e-01
9.999622557173459825e-01
9.999680874545142650e-01
9.999658095478675124e-01
9.999685193436401720e-01
9.999701062276854513e-01
9.999710317043838392e-01
9.999699310040972566e-01
9.999691190525406004e-01
9.999696694026838362e-01
9.999705751358792805e-01
9.999690129312125420e-01
9.999687957526807169e-01
9.999668016588880715e-01
9.999589067256670072e-01
9.999514313418825795e-01
9.999316903069231932e-01
9.998528841151088642e-01
9.999696866782489257e-01
1.000002406598425431e+00
9.999498740730915491e-01
1.000143429503744574e+00
9.999277860292252740e-01
9.996663104806678968e-01
2.114225187381801874e-04
2.622817822014456013e-04
1.911261977597389361e-04
1.919977453068710815e-05
1.086773296609111483e-04
1.311849229638228920e-04
1.447684529570780754e-04
1.735149931754165209e-04
2.054204938574111239e-04
2.272173210559058631e-04
2.404849550028398397e-04
2.415905911651305971e-04
2.358254883191301943e-04
2.308501255889883197e-04
2.267434769863685418e-04
2.275332171023380923e-04
2.329034498903537198e-04
2.357465143075776481e-04
2.401690589565186329e-04
2.322716577976002839e-04
2.308501255889883197e-04
2.291126973340551487e-04
2.322716577976002839e-04
2.266645029748159956e-04
2.347198521568394369e-04
2.326665278555850591e-04
2.286388532645178273e-04
2.272173210559058631e-04
2.266645029748159956e-04
2.254009187894201460e-04
2.232686204765021998e-04
2.225578543721962177e-04
2.199517119897409501e-04
2.312449956469730949e-04
2.344829301220707762e-04
2.319557617512790770e-04
2.346408781452868908e-04
2.374839425625108191e-04
2.428541753505264467e-04
2.472767199995784537e-04
2.415905911651305971e-04
2.336142159946597019e-04
2.310080736122044343e-04
2.311660216354205488e-04
2.309290996006518881e-04
2.291916713457187171e-04
2.283229572181966205e-04
2.308501255889883197e-04
2.288757752992864880e-04
2.300603854731297915e-04
2.316398657049578702e-04
2.316398657049578702e-04
2.325085798323689446e-04
2.319557617512790770e-04
2.342460080873021155e-04
2.366152284349887225e-04
2.335352419831071558e-04
2.329034498903537198e-04
2.394582928522126508e-04
2.439598115128172040e-04
2.485403041849743033e-04
2.458551877909664896e-04
2.383526566900329158e-04
2.355885662843615336e-04
2.350357482032716661e-04
2.338511380294283626e-04
2.322716577976002839e-04
2.308501255889883197e-04
2.293496193688238094e-04
2.280860351834279598e-04
2.283229572181966205e-04
2.338511380294283626e-04
2.311660216354205488e-04
2.220050362911063502e-04
2.212942701868003681e-04
2.231106724532860852e-04
2.300603854731297915e-04
2.273752690791219777e-04
2.179773617000391184e-04
2.081056102514189377e-04
1.953118203740222825e-04
2.011558972315752314e-04
2.204255560592782714e-04
2.320347357628316232e-04
3.033482682276433806e-04
2.833678432956343585e-04
2.642561324911474330e-04
2.448285256402282783e-04
2.414326431419144825e-04
2.419064872114518039e-04
2.449074996518918468e-04
2.436439154663849749e-04
2.400900849449660868e-04
2.366942024466522909e-04
2.273752690791219777e-04
2.068420260660230880e-04
1.913631197945075968e-04
1.910472237481863900e-04
2.008400011852540246e-04
2.060522859500535375e-04
1.994184689766420604e-04
2.015507672895600066e-04
2.199517119897409501e-04
2.348778001800555515e-04
2.495669663356014922e-04
3.063492806680834235e-04
2.114225187381801874e-04
1.895467175280218797e-04
1.973651446752766603e-04
2.225578543721962177e-04
2.377998386088320260e-04
2.352726702380403268e-04
2.290337233225026026e-04
2.376418905857269337e-04
2.436439154663849749e-04
2.441177595359222963e-04
2.434859674432798826e-04
2.477505640691157751e-04
2.461710838372876964e-04
2.409587990723771611e-04
2.346408781452868908e-04
2.356675402959140797e-04
2.427752013389739005e-04
2.532787448802364949e-04
2.485403041849743033e-04
2.562797573206765378e-04
2.182142837348077791e-04
2.307711515774357736e-04
2.373259945392947046e-04
2.361413843654514011e-04
2.260327108820625597e-04
2.434069934317273365e-04
2.445126295939070715e-04
2.334562679714435873e-04
2.416695651766831432e-04
2.389054747711227833e-04
2.144235311785092080e-04
2.059733119385009914e-04
2.235845165228234066e-04
2.360624103538988550e-04
2.380367606436006866e-04
2.308501255889883197e-04
2.103168825758894300e-04
2.164768554798746081e-04
2.263486069284947888e-04
2.390634227942278756e-04
2.354306182611454190e-04
2.479085120922208674e-04
2.287178272761813957e-04
1.991815469418733997e-04
2.149763492595990755e-04
2.346408781452868908e-04
2.375629165740633653e-04
2.393793188406601047e-04
2.559638612743553310e-04
1.957856644435596039e-04
1.852031468906334410e-04
2.043148576951203665e-04
2.328244758788011737e-04
2.341670340757495694e-04
2.312449956469730949e-04
2.054994678689636700e-04
2.119753368192700549e-04
2.300603854731297915e-04
2.242163086155768426e-04
1.976810407217088894e-04
1.664863061440202685e-04
1.386874540647564658e-04
1.356864416243164229e-04
1.406618043544582974e-04
1.372659218561445016e-04
1.322905591260026270e-04
1.191018991906211966e-04
1.248670020366215994e-04
1.318956890681288741e-04
1.360813116823011981e-04
1.340279873809357980e-04
1.281049365118303029e-04
1.177593409936728008e-04
9.817378611964855395e-05
9.398816350536520758e-05
1.128629522751944947e-04
1.277100664538455277e-04
1.216290675615239181e-04
1.253408461061589207e-04
1.155480686692023085e-04
1.100198878579705664e-04
1.132578223330682476e-04
1.230505997701358822e-04
1.280259625002777568e-04
1.235244438396732036e-04
2.937924128254554290e-04
9.272457931996935798e-05
9.999306315615803520e-01
1.000041570304359917e+00
9.998772303221190594e-01
1.000014112027705515e+00
9.999461055319760483e-01
9.999702172848893289e-01
9.999787884330845200e-01
9.999704196557940294e-01
9.999651185252660390e-01
9.999632428924908334e-01
9.999606614294870299e-01
9.999692942761287950e-01
9.999810589359177104e-01
9.999685538947702401e-01
9.999626999461611598e-01
9.999369840336375104e-01
9.999028746644447185e-01
9.999057498120540455e-01
9.999232573632481635e-01
1.000028946802195007e+00
1.000018327265574047e+00
1.000116714076386693e+00
9.999901212037475284e-01
9.997131642809808927e-01
2.382736826783693473e-04
2.201096600129570646e-04
7.495542671243082822e-05
8.778038420587108703e-07
7.637695892104279238e-05
9.011843693751409035e-05
1.010168505367614600e-04
1.149952505880014186e-04
1.279469884886141884e-04
1.277890404655090961e-04
1.480063874321757567e-04
1.754103694535658065e-04
1.965754045594181321e-04
2.132389210046659045e-04
2.272173210559058631e-04
2.357465143075776481e-04
2.359044623306827404e-04
2.410377730840407295e-04
2.447495516286757322e-04
2.404849550028398397e-04
2.307711515774357736e-04
2.253219447777565776e-04
2.240583605923607280e-04
2.257957888472938990e-04
2.280070611718754137e-04
2.273752690791219777e-04
2.270593730328007709e-04
2.344039561105182301e-04
2.309290996006518881e-04
2.305342295426671129e-04
2.327455018671376052e-04
2.355885662843615336e-04
2.333772939598910412e-04
2.335352419831071558e-04
2.330613979135698344e-04
2.423803312809891253e-04
2.464080058720563571e-04
2.490141482545116247e-04
2.471187719763623392e-04
2.419064872114518039e-04
2.356675402959140797e-04
2.349567741916080976e-04
2.341670340757495694e-04
2.354306182611454190e-04
2.353516442495928729e-04
2.343249820989656840e-04
2.342460080873021155e-04
2.340090860526444771e-04
2.341670340757495694e-04
2.337721640178758165e-04
2.327455018671376052e-04
2.366942024466522909e-04
2.347988261685030054e-04
2.438018634896010894e-04
2.451444216866605075e-04
2.496459403471540384e-04
2.503567064514600204e-04
2.465659538952724716e-04
2.448285256402282783e-04
2.391423968058914440e-04
2.438018634896010894e-04
2.408008510492720688e-04
2.373259945392947046e-04
2.377208645972794798e-04
2.441177595359222963e-04
2.430910973852951074e-04
2.356675402959140797e-04
2.299814114615772453e-04
2.269014250095846563e-04
2.269014250095846563e-04
2.305342295426671129e-04
2.326665278555850591e-04
2.352726702380403268e-04
2.354306182611454190e-04
2.287968012877339419e-04
2.264275809400473349e-04
2.287968012877339419e-04
2.321137097744951916e-04
2.335352419831071558e-04
2.368521504697573832e-04
2.381157346552642551e-04
2.368521504697573832e-04
2.349567741916080976e-04
2.343249820989656840e-04
2.319557617512790770e-04
2.314819176817417556e-04
2.325085798323689446e-04
2.306921775658832274e-04
2.314819176817417556e-04
2.339301120409809087e-04
2.354306182611454190e-04
2.341670340757495694e-04
2.328244758788011737e-04
2.308501255889883197e-04
2.308501255889883197e-04
2.311660216354205488e-04
2.316398657049578702e-04
2.396952148869813115e-04
2.434859674432798826e-04
2.457762137793029211e-04
2.423013572694365791e-04
2.463290318605038109e-04
2.439598115128172040e-04
2.501987584283549282e-04
2.547792511005120275e-04
2.570694974365350660e-04
2.521731087180567599e-04
2.366942024466522909e-04
2.196358159434197432e-04
2.079476622282028231e-04
2.411957211071458218e-04
3.854812402801499616e-04
-1.379745866755932582e-03
4.368933218246162653e-04
4.205457014256896997e-04
3.244343293219431601e-04
2.858160376549845338e-04
2.610971720276022978e-04
2.659145867345280578e-04
2.353516442495928729e-04
2.381947086668168012e-04
2.281650091949805059e-04
2.114225187381801874e-04
2.112645707149640728e-04
2.135548170510981336e-04
2.118963628077175088e-04
2.179773617000391184e-04
2.103168825758894300e-04
2.130809729815608122e-04
2.070789481007917487e-04
2.143445571669566618e-04
2.107907266454267514e-04
2.087374023441723736e-04
2.021035853706498742e-04
1.952328463624697363e-04
2.017087153126650989e-04
1.967333525826342466e-04
1.908892757249702754e-04
1.935743921190891115e-04
1.933374700843204508e-04
1.975230926984927748e-04
1.966543785709706782e-04
1.969702746174029073e-04
1.976020667100453210e-04
2.056574158921797846e-04
1.996553910114107211e-04
1.928636260147831294e-04
1.962595085130969252e-04
1.943641322349476397e-04
1.965754045594181321e-04
1.837026406704689308e-04
1.897836395627905404e-04
1.818072643923196452e-04
1.769898496853938852e-04
1.823600824734095127e-04
1.870195491571191582e-04
1.713037208509460285e-04
1.626165795761691513e-04
1.577201908576908451e-04
1.558248145795415596e-04
1.525868801043328560e-04
1.532186721970862919e-04
1.526658541159964244e-04
1.502966337683098175e-04
1.545612303941457100e-04
1.532976462086388381e-04
1.517181659769217816e-04
1.544822563824821415e-04
1.502966337683098175e-04
1.581940349272281665e-04
1.576412168460272767e-04
1.592206970778553554e-04
1.567725027186162023e-04
1.491909976060190601e-04
1.502966337683098175e-04
1.461899851656900395e-04
1.427151286557126753e-04
1.461899851656900395e-04
1.433469207484661112e-04
1.402669342964735222e-04
1.438207648180034326e-04
1.442946088875407540e-04
1.431889727252499966e-04
1.452422970266153968e-04
1.427151286557126753e-04
1.444525569107568685e-04
1.446894789455255292e-04
1.451633230150628506e-04
1.400300122617048615e-04
1.405038563312421829e-04
1.461899851656900395e-04
1.521920100464591030e-04
1.464269072004587002e-04
1.430310247021449044e-04
1.405828303429057513e-04
1.461110111541374934e-04
1.517971399884743278e-04
1.566145546954000878e-04
1.610370993444520948e-04
1.717775649204833499e-04
1.557458405679890134e-04
1.532186721970862919e-04
1.645119558543184368e-04
1.757262654999980356e-04
1.705139807350875003e-04
1.837816146820214769e-04
1.809385502647975486e-04
1.829918745661629487e-04
1.839395627052375914e-04
1.773847197432676381e-04
1.689345005032594216e-04
